     17.00000000     20.30000076      0.41997519      0.41148241      0.09381026      0.03374988      0.01551090      0.00828681      0.00490093      0.00311850      0.00209688      0.00147201
     17.00000000     20.40000077      0.41779064      0.41423850      0.09367052      0.03360058      0.01541956      0.00823092      0.00486521      0.00309461      0.00208027      0.00146008
     17.00000000     20.50000077      0.41561658      0.41698249      0.09352881      0.03345196      0.01532897      0.00817559      0.00482987      0.00307101      0.00206387      0.00144829
     18.00000000     19.50000000      0.42124002      0.40927746      0.09426167      0.03399295      0.01562914      0.00834757      0.00493399      0.00313729      0.00210789      0.00147858
     18.00000000     19.60000000      0.41899098      0.41212367      0.09411582      0.03383666      0.01553350      0.00828909      0.00489663      0.00311234      0.00209057      0.00146614
     18.00000000     19.70000000      0.41675485      0.41495478      0.09396782      0.03368119      0.01543872      0.00823125      0.00485973      0.00308772      0.00207348      0.00145388
     18.00000000     19.80000000      0.41452904      0.41777386      0.09381781      0.03352645      0.01534474      0.00817399      0.00482324      0.00306339      0.00205659      0.00144177
     18.00000000     19.90000001      0.41231438      0.42057992      0.09366582      0.03337245      0.01525156      0.00811732      0.00478717      0.00303934      0.00203992      0.00142981
     19.00000000     19.00000000      0.41696550      0.41408980      0.09434898      0.03384902      0.01551092      0.00826391      0.00487488      0.00309459      0.00207624      0.00145455
     19.00000000     19.10000000      0.41468305      0.41699010      0.09419172      0.03368770      0.01541308      0.00820429      0.00483700      0.00306937      0.00205876      0.00144203
     19.00000000     19.20000000      0.41241312      0.41987546      0.09403237      0.03352724      0.01531615      0.00814553      0.00479959      0.00304446      0.00204152      0.00142968
     19.00000000     19.30000000      0.41015459      0.42274743      0.09387101      0.03336761      0.01522007      0.00808729      0.00476260      0.00301987      0.00202450      0.00141749
     19.00000000     19.40000001      0.40790780      0.42560558      0.09370770      0.03320880      0.01512483      0.00802967      0.00472605      0.00299558      0.00200769      0.00140547
     20.00000000     18.00000000      0.42545438      0.40267039      0.09529184      0.03461427      0.01594793      0.00851905      0.00503175      0.00319585      0.00214439      0.00150204
     20.00000000     18.10000000      0.42307502      0.40570041      0.09513520      0.03444309      0.01584282      0.00845477      0.00499074      0.00316851      0.00212543      0.00148846
     20.00000000     18.20000000      0.42070792      0.40871576      0.09497620      0.03427284      0.01573870      0.00839122      0.00495024      0.00314153      0.00210674      0.00147508
     20.00000000     18.30000000      0.41835295      0.41171658      0.09481491      0.03410352      0.01563557      0.00832839      0.00491024      0.00311490      0.00208830      0.00146188
     20.00000000     18.40000001      0.41601029      0.41470270      0.09465139      0.03393513      0.01553340      0.00826627      0.00487074      0.00308862      0.00207012      0.00144886
     21.00000000     17.50000000      0.42328429      0.40479474      0.09553151      0.03462227      0.01592118      0.00849081      0.00500783      0.00317655      0.00212894      0.00148962
     21.00000000     17.60000000      0.42086503      0.40788721      0.09536508      0.03444521      0.01581308      0.00842493      0.00496599      0.00314866      0.00210964      0.00147582
     21.00000000     17.70000000      0.41845643      0.41096686      0.09519637      0.03426912      0.01570597      0.00835977      0.00492448      0.00312112      0.00209060      0.00146220
     21.00000000     17.80000076      0.41606117      0.41403032      0.09502531      0.03409406      0.01559993      0.00829539      0.00488361      0.00309396      0.00207183      0.00144879
     21.00000000     17.90000077      0.41367869      0.41707834      0.09485201      0.03392002      0.01549493      0.00823176      0.00484325      0.00306718      0.00205333      0.00143557
     22.00000000     17.10000000      0.41951802      0.40898013      0.09564968      0.03450784      0.01582055      0.00841789      0.00495567      0.00313858      0.00210065      0.00146807
     22.00000000     17.20000000      0.41706641      0.41212604      0.09547193      0.03432562      0.01571017      0.00835092      0.00491319      0.00311039      0.00208119      0.00145418
     22.00000000     17.30000000      0.41462806      0.41525572      0.09529183      0.03414451      0.01560091      0.00828476      0.00487127      0.00308259      0.00206201      0.00144049
     23.00000000     16.60000000      0.41898540      0.40902977      0.09599149      0.03463037      0.01586446      0.00843301      0.00495953      0.00313788      0.00209816      0.00146498
     23.00000000     16.70000000      0.41648726      0.41224662      0.09580540      0.03444162      0.01575042      0.00836396      0.00491580      0.00310891      0.00207819      0.00145074
     23.00000000     16.80000000      0.41400297      0.41544634      0.09561691      0.03425410      0.01563759      0.00829577      0.00487267      0.00308036      0.00205852      0.00143672
     24.00000000     16.10000000      0.41922513      0.40807938      0.09639225      0.03481262      0.01594439      0.00846993      0.00497717      0.00314632      0.00210197      0.00146639
     24.00000000     16.20000000      0.41667748      0.41137135      0.09619847      0.03461692      0.01582630      0.00839851      0.00493201      0.00311644      0.00208140      0.00145174
     24.00000000     16.30000000      0.41414414      0.41464540      0.09600222      0.03442255      0.01570950      0.00832802      0.00488749      0.00308700      0.00206114      0.00143732
     25.00000000     15.60000000      0.42020310      0.40616259      0.09685306      0.03505495      0.01606043      0.00852859      0.00500853      0.00316380      0.00211199      0.00147221
     25.00000000     15.70000000      0.41760325      0.40953373      0.09665221      0.03485181      0.01593785      0.00845451      0.00496173      0.00313287      0.00209072      0.00145708
     25.00000000     15.80000000      0.41501785      0.41288649      0.09644881      0.03465010      0.01581665      0.00838142      0.00491561      0.00310241      0.00206979      0.00144220
     25.00000000     15.90000001      0.41244729      0.41622046      0.09624293      0.03444983      0.01569682      0.00830930      0.00487016      0.00307242      0.00204919      0.00142755
     26.00000000     15.10000000      0.42189332      0.40330309      0.09737443      0.03535827      0.01621315      0.00860931      0.00505374      0.00319040      0.00212826      0.00148245
     26.00000000     15.20000000      0.41923726      0.40675917      0.09716717      0.03514708      0.01608554      0.00853220      0.00500505      0.00315825      0.00210617      0.00146676
     26.00000000     15.30000000      0.41659681      0.41019519      0.09695722      0.03493748      0.01595946      0.00845617      0.00495712      0.00312661      0.00208445      0.00145136
     26.00000000     15.40000001      0.41397125      0.41361211      0.09674470      0.03472942      0.01583484      0.00838119      0.00490989      0.00309548      0.00206309      0.00143617
     27.00000000     15.00000000      0.41350761      0.41357910      0.09708785      0.03485472      0.01588051      0.00839748      0.00491459      0.00309543      0.00206112      0.00143351
     28.00000000     14.60000000      0.41360206      0.41281210      0.09747957      0.03502613      0.01595355      0.00843014      0.00492956      0.00310214      0.00206378      0.00143414
     28.00000000     14.70000000      0.41090635      0.41634519      0.09724753      0.03480605      0.01582276      0.00835186      0.00488047      0.00306988      0.00204172      0.00141852

     29.00000000     14.10000000      0.41699199      0.40770271      0.09815816      0.03547358      0.01619104      0.00856128      0.00500626      0.00314936      0.00209414      0.00145436
     29.00000000     14.20000000      0.41423290      0.41133185      0.09792089      0.03524408      0.01605410      0.00847920      0.00495478      0.00311555      0.00207102      0.00143801
     29.00000000     14.30000000      0.41149106      0.41493811      0.09768094      0.03501653      0.01591894      0.00839837      0.00490414      0.00308233      0.00204837      0.00142196
     30.00000000     13.60000000      0.42101716      0.40171472      0.09889907      0.03598672      0.01646829      0.00871623      0.00509781      0.00320626      0.00213105      0.00147918
     30.00000000     13.70000000      0.41819103      0.40544617      0.09865726      0.03574695      0.01632446      0.00862986      0.00504360      0.00317067      0.00210673      0.00146198
     30.00000000     13.80000000      0.41537429      0.40916440      0.09841289      0.03550899      0.01618229      0.00854464      0.00499017      0.00313560      0.00208276      0.00144504
     30.00000000     13.90000001      0.41259144      0.41283816      0.09816512      0.03527375      0.01604260      0.00846118      0.00493795      0.00310138      0.00205942      0.00142856
     31.00000000     13.60000000      0.41136906      0.41379781      0.09844330      0.03533687      0.01605111      0.00845520      0.00492872      0.00309223      0.00205128      0.00142158
     32.00000000     13.10000000      0.41628640      0.40659906      0.09928778      0.03593292      0.01637525      0.00863735      0.00503693      0.00315988      0.00209544      0.00145147
     32.00000000     13.20000000      0.41340788      0.41042665      0.09902366      0.03568196      0.01622628      0.00854848      0.00498143      0.00312358      0.00207072      0.00143405
     32.00000000     13.30000000      0.41054773      0.41422898      0.09875677      0.03543339      0.01607942      0.00846106      0.00492691      0.00308796      0.00204648      0.00141697
     33.00000000     12.60000000      0.42181313      0.39852817      0.10019433      0.03660124      0.01674389      0.00884627      0.00516182      0.00323836      0.00214690      0.00148645
     33.00000000     12.70000000      0.41885948      0.40247247      0.09992687      0.03633792      0.01658635      0.00875198      0.00510286      0.00319979      0.00212064      0.00146795
     33.00000000     12.80000000      0.41592455      0.40639049      0.09965635      0.03607720      0.01643112      0.00865930      0.00504499      0.00316196      0.00209491      0.00144983
     33.00000000     12.90000001      0.41300870      0.41028190      0.09938292      0.03581905      0.01627818      0.00856820      0.00498818      0.00312486      0.00206968      0.00143207
     34.00000000     12.60000000      0.41298266      0.40963428      0.09977941      0.03599035      0.01635016      0.00859982      0.00500232      0.00313096      0.00207191      0.00143241
     34.00000000     12.70000000      0.41004689      0.41356549      0.09949410      0.03572730      0.01619524      0.00850788      0.00494514      0.00309370      0.00204662      0.00141463
     35.00000000     12.10000000      0.41932968      0.40040894      0.10079366      0.03674692      0.01676886      0.00883765      0.00514479      0.00322068      0.00213088      0.00147258
     35.00000000     12.20000000      0.41631385      0.40446580      0.10050535      0.03647017      0.01660437      0.00873965      0.00508374      0.00318087      0.00210386      0.00145361
     35.00000000     12.30000000      0.41331782      0.40849428      0.10021403      0.03619635      0.01644243      0.00864341      0.00502387      0.00314187      0.00207740      0.00143503
     35.00000000     12.40000001      0.41034163      0.41249448      0.09991985      0.03592541      0.01628297      0.00854887      0.00496515      0.00310365      0.00205149      0.00141684


     36.00000000     12.00000000      0.41400547      0.40686679      0.10068808      0.03643812      0.01655561      0.00869931      0.00505303      0.00315771      0.00208622      0.00143998
     36.00000000     12.10000000      0.41098550      0.41094265      0.10038474      0.03615838      0.01639097      0.00860175      0.00499248      0.00311834      0.00205956      0.00142128
     36.00000000     12.20000000      0.40798741      0.41498588      0.10007911      0.03588209      0.01622917      0.00850612      0.00493322      0.00307984      0.00203350      0.00140302
     36.00000000     12.30000000      0.40501641      0.41898605      0.09977265      0.03561035      0.01607087      0.00841283      0.00487551      0.00304240      0.00200819      0.00138530
     36.00000000     12.40000001      0.40205222      0.42298516      0.09946008      0.03533841      0.01591306      0.00831994      0.00481808      0.00300514      0.00198298      0.00136764
     37.00000000     11.50000000      0.42121936      0.39638049      0.10181421      0.03730159      0.01703730      0.00897410      0.00521812      0.00326191      0.00215486      0.00148684
     37.00000000     11.60000000      0.41811536      0.40058971      0.10150910      0.03700675      0.01686191      0.00886970      0.00515320      0.00321967      0.00212624      0.00146678
     37.00000000     11.70000000      0.41503211      0.40476835      0.10120081      0.03671524      0.01668939      0.00876728      0.00508960      0.00317832      0.00209825      0.00144717
     37.00000000     11.80000000      0.41196965      0.40891650      0.10088950      0.03642701      0.01651968      0.00866677      0.00502728      0.00313784      0.00207086      0.00142798
     37.00000000     11.90000001      0.40892803      0.41303428      0.10057533      0.03614201      0.01635271      0.00856814      0.00496620      0.00309820      0.00204406      0.00140922
     38.00000000     11.50000000      0.41328659      0.40642055      0.10143475      0.03673227      0.01666972      0.00874428      0.00506972      0.00316226      0.00208547      0.00143698
     38.00000000     11.60000000      0.41019948      0.41061660      0.10111224      0.03643798      0.01649712      0.00864233      0.00500664      0.00312135      0.00205784      0.00141766
     38.00000000     11.70000000      0.40713366      0.41478133      0.10078694      0.03614707      0.01632737      0.00854231      0.00494484      0.00308132      0.00203081      0.00139876
     38.00000000     11.80000000      0.40408913      0.41891490      0.10045902      0.03585950      0.01616039      0.00844416      0.00488427      0.00304212      0.00200436      0.00138028
     38.00000000     11.90000001      0.40106593      0.42301742      0.10012862      0.03557522      0.01599611      0.00834783      0.00482492      0.00300373      0.00197848      0.00136219
     39.00000000     11.00000000      0.42126395      0.39480329      0.10267295      0.03769483      0.01720862      0.00905221      0.00525491      0.00327923      0.00216256      0.00148965
     39.00000000     11.10000000      0.41808612      0.39914682      0.10234864      0.03738321      0.01702363      0.00894237      0.00518677      0.00323500      0.00213267      0.00146875
     39.00000000     11.20000000      0.41492996      0.40345756      0.10202107      0.03707533      0.01684183      0.00883469      0.00512008      0.00319175      0.00210347      0.00144833
     39.00000000     11.30000000      0.41179555      0.40773562      0.10169042      0.03677113      0.01666313      0.00872913      0.00505479      0.00314945      0.00207492      0.00142838
     39.00000000     11.40000001      0.40868285      0.41198121      0.10135688      0.03647053      0.01648746      0.00862562      0.00499086      0.00310807      0.00204701      0.00140889
     40.00000000     11.00000000      0.41371093      0.40439257      0.10231040      0.03714278      0.01685161      0.00882906      0.00511095      0.00318268      0.00209542      0.00144148
     40.00000000     11.10000000      0.41054949      0.40872295      0.10196881      0.03683183      0.01666951      0.00872172      0.00504468      0.00313981      0.00206654      0.00142132
     40.00000000     11.20000000      0.40741026      0.41301980      0.10162438      0.03652468      0.01649056      0.00861651      0.00497983      0.00309790      0.00203831      0.00140163
     40.00000000     11.30000000      0.40429328      0.41728329      0.10127727      0.03622126      0.01631468      0.00851335      0.00491633      0.00305690      0.00201071      0.00138238
     40.00000000     11.40000001      0.40119853      0.42151362      0.10092767      0.03592152      0.01614179      0.00841221      0.00485416      0.00301679      0.00198373      0.00136358
     41.00000000     10.50000000      0.42243355      0.39164308      0.10366168      0.03821101      0.01745227      0.00917289      0.00531790      0.00331345      0.00218164      0.00150038
     41.00000000     10.60000000      0.41917618      0.39613260      0.10331886      0.03788065      0.01725616      0.00905660      0.00524590      0.00326682      0.00215019      0.00147844
     41.00000000     10.70000000      0.41594130      0.40058708      0.10297265      0.03755447      0.01706359      0.00894272      0.00517550      0.00322126      0.00211950      0.00145703
     41.00000000     10.80000000      0.41272927      0.40500632      0.10262323      0.03723244      0.01687450      0.00883119      0.00510666      0.00317676      0.00208953      0.00143614
     41.00000000     10.90000001      0.40953980      0.40939089      0.10227082      0.03691446      0.01668877      0.00872193      0.00503932      0.00313327      0.00206026      0.00141574
     42.00000000     10.50000000      0.41521883      0.40082941      0.10332053      0.03767408      0.01710360      0.00895476      0.00517722      0.00321918      0.00211616      0.00145346
     42.00000000     10.60000000      0.41197718      0.40530606      0.10296038      0.03734448      0.01691048      0.00884105      0.00510715      0.00317395      0.00208574      0.00143228
     42.00000000     10.70000000      0.40875867      0.40974680      0.10259725      0.03701915      0.01672088      0.00872971      0.00503864      0.00312976      0.00205605      0.00141161
     43.00000000     10.10000000      0.42133489      0.39157796      0.10442531      0.03850542      0.01756323      0.00921445      0.00533170      0.00331573      0.00217914      0.00149605
     43.00000000     10.20000000      0.41801563      0.39618871      0.10406108      0.03815871      0.01735818      0.00909325      0.00525688      0.00326740      0.00214664      0.00147343
     43.00000000     10.30000000      0.41471984      0.40076203      0.10369345      0.03781664      0.01715701      0.00897467      0.00518380      0.00322024      0.00211494      0.00145138
     43.00000000     10.40000001      0.41144762      0.40529809      0.10332265      0.03747914      0.01695961      0.00885863      0.00511239      0.00317421      0.00208403      0.00142987
     43.00000000     10.50000001      0.40819904      0.40979706      0.10294890      0.03714611      0.01676589      0.00874504      0.00504260      0.00312926      0.00205386      0.00140890
     44.00000000     10.10000000      0.41443813      0.40039008      0.10409213      0.03798250      0.01722396      0.00900250      0.00519524      0.00322444      0.00211583      0.00145076
     44.00000000     10.20000000      0.41113428      0.40498776      0.10371077      0.03763670      0.01702199      0.00888393      0.00512237      0.00317752      0.00208436      0.00142890
     44.00000000     10.30000000      0.40785451      0.40954720      0.10332647      0.03729561      0.01682386      0.00876793      0.00505119      0.00313174      0.00205367      0.00140759
     45.00000000     10.10000000      0.40771936      0.40900189      0.10373064      0.03746799      0.01689495      0.00879843      0.00506443      0.00313720      0.00205549      0.00140766
     46.00000000      9.60000000      0.41789935      0.39398071      0.10536864      0.03875470      0.01761559      0.00920934      0.00531086      0.00329242      0.00215752      0.00147721
     46.00000000      9.70000000      0.41450412      0.39874962      0.10496959      0.03838575      0.01739922      0.00908224      0.00523281      0.00324224      0.00212392      0.00145391
     46.00000000      9.80000000      0.41113378      0.40347764      0.10456732      0.03802210      0.01718719      0.00895803      0.00515666      0.00319333      0.00209119      0.00143122
     46.00000000      9.90000001      0.40778840      0.40816499      0.10416208      0.03766366      0.01697935      0.00883662      0.00508234      0.00314564      0.00205929      0.00140912
     47.00000000      9.60000000      0.41143686      0.40228457      0.10503704      0.03825091      0.01729049      0.00900705      0.00518108      0.00320587      0.00209769      0.00143452
     47.00000000      9.70000000      0.40805697      0.40703965      0.10462140      0.03788312      0.01707731      0.00888263      0.00510499      0.00315711      0.00206511      0.00141197
     47.00000000      9.80000000      0.40470257      0.41175304      0.10420301      0.03752069      0.01686841      0.00876103      0.00503076      0.00310957      0.00203337      0.00139001
     48.00000000      9.60000000      0.40513134      0.41041070      0.10468044      0.03775493      0.01697475      0.00881191      0.00505640      0.00312298      0.00204050      0.00139379
     49.00000000      9.10000000      0.41610745      0.39409062      0.10649563      0.03917782      0.01777007      0.00926434      0.00532709      0.00329310      0.00215210      0.00146971
     49.00000000      9.20000000      0.41262894      0.39903377      0.10606244      0.03878374      0.01754021      0.00912995      0.00524492      0.00324048      0.00211700      0.00144546
     49.00000000      9.30000000      0.40917665      0.40393235      0.10562613      0.03839572      0.01731523      0.00899878      0.00516486      0.00318927      0.00208286      0.00142188
     49.00000000      9.40000001      0.40575074      0.40878656      0.10518697      0.03801364      0.01709496      0.00887073      0.00508682      0.00313941      0.00204964      0.00139894
     50.00000000      9.10000000      0.41002077      0.40195308      0.10617268      0.03869025      0.01745599      0.00906936      0.00520232      0.00321011      0.00209487      0.00142898
     50.00000000      9.20000000      0.40655737      0.40688191      0.10572318      0.03829754      0.01722945      0.00893772      0.00512216      0.00315893      0.00206081      0.00140549
     51.00000000      9.10000000      0.40407345      0.40965691      0.10582709      0.03820990      0.01715052      0.00888096      0.00508223      0.00313046      0.00204007      0.00139004
     52.00000000      8.60000000      0.41583258      0.39200888      0.10782395      0.03978268      0.01802963      0.00938033      0.00538043      0.00331749      0.00216250      0.00147317
     52.00000000      8.70000000      0.41226310      0.39714478      0.10735697      0.03935992      0.01778369      0.00923701      0.00529312      0.00326178      0.00212547      0.00144766
     52.00000000      8.80000000      0.40872118      0.40223203      0.10688687      0.03894410      0.01754326      0.00909733      0.00520816      0.00320763      0.00208950      0.00142290
     52.00000000      8.90000001      0.40520681      0.40727114      0.10641395      0.03853508      0.01730818      0.00896115      0.00512548      0.00315499      0.00205455      0.00139885
     53.00000000      8.60000000      0.41007362      0.39948578      0.10751543      0.03930864      0.01772375      0.00919061      0.00525923      0.00323704      0.00210715      0.00143386
     53.00000000      8.70000000      0.40651864      0.40460739      0.10703216      0.03888742      0.01748128      0.00905014      0.00517398      0.00318281      0.00207118      0.00140913
     53.00000000      8.80000000      0.40299186      0.40967951      0.10654627      0.03847321      0.01724427      0.00891323      0.00509104      0.00313009      0.00203623      0.00138512
     54.00000000      8.60000000      0.40443871      0.40682094      0.10718591      0.03884124      0.01742587      0.00900698      0.00514237      0.00315969      0.00205404      0.00139621
     55.00000000      8.10000000      0.41697821      0.38779373      0.10936909      0.04058144      0.01840059      0.00956042      0.00547238      0.00336629      0.00218903      0.00148768
     55.00000000      8.20000000      0.41330987      0.39314345      0.10886855      0.04012568      0.01813542      0.00940620      0.00537869      0.00330670      0.00214954      0.00146057
     55.00000000      8.30000000      0.40967020      0.39844025      0.10836472      0.03967789      0.01787656      0.00925612      0.00528768      0.00324887      0.00211125      0.00143430
     55.00000000      8.40000001      0.40605934      0.40368455      0.10785798      0.03923789      0.01762379      0.00911002      0.00519923      0.00319274      0.00207410      0.00140882
     56.00000000      8.10000000      0.41150691      0.39493239      0.10908008      0.04011843      0.01810032      0.00937404      0.00535342      0.00328746      0.00213490      0.00144932
     56.00000000      8.20000000      0.40785237      0.40026798      0.10856299      0.03966437      0.01783881      0.00922281      0.00526189      0.00322940      0.00209651      0.00142301
     56.00000000      8.30000000      0.40422699      0.40555003      0.10804318      0.03921834      0.01758353      0.00907563      0.00517297      0.00317306      0.00205927      0.00139750
     57.00000000      8.10000000      0.40614659      0.40194387      0.10877115      0.03966152      0.01780754      0.00919339      0.00523855      0.00321154      0.00208287      0.00141250
     57.00000000      8.20000000      0.40250644      0.40726433      0.10823833      0.03920931      0.01754963      0.00904505      0.00514910      0.00315496      0.00204553      0.00138696
     58.00000000      8.10000000      0.40089438      0.40883076      0.10844389      0.03921079      0.01752200      0.00901822      0.00512758      0.00313838      0.00203282      0.00137715
     59.00000000      7.60000000      0.41425484      0.38830510      0.11088034      0.04113686      0.01859591      0.00962524      0.00548798      0.00336311      0.00217911      0.00147595
     59.00000000      7.70000000      0.41049245      0.39387905      0.11032947      0.04064468      0.01831155      0.00946087      0.00538869      0.00330030      0.00213769      0.00144764
     59.00000000      7.80000000      0.40676033      0.39939461      0.10977556      0.04016176      0.01803437      0.00930118      0.00529241      0.00323944      0.00209759      0.00142025
     59.00000000      7.90000001      0.40305873      0.40485218      0.10921904      0.03968786      0.01776413      0.00914597      0.00519900      0.00318047      0.00205876      0.00139374

     60.00000000      7.60000000      0.40913762      0.39503101      0.11059641      0.04068816      0.01830584      0.00944585      0.00537391      0.00328779      0.00212758      0.00143955
     60.00000000      7.70000000      0.40538864      0.40059038      0.11002926      0.04019796      0.01802531      0.00928455      0.00527683      0.00322654      0.00208726      0.00141205
     60.00000000      7.80000000      0.40167060      0.40609052      0.10945966      0.03971707      0.01775189      0.00912785      0.00518268      0.00316719      0.00204824      0.00138543
     61.00000000      7.60000000      0.40411754      0.40164475      0.11029461      0.04024511      0.01802264      0.00927168      0.00526355      0.00321512      0.00207794      0.00140454
     61.00000000      7.70000000      0.40038265      0.40718848      0.10971195      0.03975702      0.01774588      0.00911338      0.00516861      0.00315536      0.00203869      0.00137781
     62.00000000      7.60000000      0.39919206      0.40814877      0.10997631      0.03980774      0.01774609      0.00910253      0.00515675      0.00314495      0.00203011      0.00137086
     63.00000000      7.10000000      0.41336895      0.38605394      0.11267444      0.04194428      0.01893535      0.00977267      0.00555323      0.00339129      0.00218991      0.00147843
     63.00000000      7.20000000      0.40950304      0.39187980      0.11207307      0.04140968      0.01862752      0.00959552      0.00544672      0.00332422      0.00214588      0.00144847
     63.00000000      7.30000000      0.40566895      0.39764114      0.11146873      0.04088584      0.01832798      0.00942372      0.00534363      0.00325938      0.00210335      0.00141954
     63.00000000      7.40000001      0.40186689      0.40333858      0.11086191      0.04037248      0.01803641      0.00925704      0.00524380      0.00319665      0.00206223      0.00139159
     64.00000000      7.10000000      0.40855628      0.39242531      0.11240240      0.04150681      0.01865221      0.00959785      0.00544236      0.00331831      0.00214013      0.00144338
     64.00000000      7.20000000      0.40470325      0.39823641      0.11178468      0.04097443      0.01834843      0.00942391      0.00533814      0.00325285      0.00209724      0.00141425
     64.00000000      7.30000000      0.40088266      0.40398218      0.11116463      0.04045287      0.01805284      0.00925523      0.00523727      0.00318956      0.00205581      0.00138611
     65.00000000      7.10000000      0.40382911      0.39869739      0.11211387      0.04107455      0.01837543      0.00942787      0.00533493      0.00324778      0.00209210      0.00140962
     65.00000000      7.20000000      0.39998955      0.40449274      0.11148054      0.04054451      0.01807564      0.00925707      0.00523294      0.00318387      0.00205031      0.00138127

