      0.00000000      0.00000000      0.00000000      0.00000000      0.00000000
      0.05000000      0.06124513      0.00721060      0.00214537      0.00090462
      0.10000000      0.12047103      0.01414740      0.00420725      0.00177373
      0.15000000      0.17660335      0.02065052      0.00613621      0.00258622
      0.20000000      0.22896135      0.02661052      0.00789810      0.00332745
      0.25000000      0.27711483      0.03195236      0.00946929      0.00398727
      0.30000000      0.32081449      0.03662756      0.01083442      0.00455906
      0.35000001      0.35994751      0.04060909      0.01198486      0.00503911
      0.40000001      0.39450579      0.04388761      0.01291761      0.00542611
      0.45000001      0.42456168      0.04646834      0.01363433      0.00572081
      0.50000001      0.45024896      0.04836851      0.01414056      0.00592560
      0.55000001      0.47174741      0.04961514      0.01444509      0.00604432
      0.60000001      0.48927041      0.05024310      0.01455925      0.00608190
      0.65000001      0.50305474      0.05029346      0.01449649      0.00604420
      0.70000001      0.51335229      0.04981201      0.01427182      0.00593778
      0.75000001      0.52042331      0.04884794      0.01390142      0.00576968
      0.80000001      0.52453092      0.04745276      0.01340225      0.00554734
      0.85000001      0.52593679      0.04567929      0.01279176      0.00527837
      0.90000001      0.52489760      0.04358081      0.01208754      0.00497046
      0.95000001      0.52166240      0.04121034      0.01130715      0.00463127
      1.00000001      0.51647050      0.03862002      0.01046780      0.00426833
      1.05000002      0.50954997      0.03586060      0.00958627      0.00388896
      1.10000002      0.50111658      0.03298099      0.00867867      0.00350018
      1.15000002      0.49137307      0.03002791      0.00776035      0.00310868
      1.20000002      0.48050880      0.02704558      0.00684582      0.00272076
      1.25000002      0.46869959      0.02407557      0.00594861      0.00234230
      1.30000002      0.45610779      0.02115657      0.00508123      0.00197869
      1.35000002      0.44288253      0.01832430      0.00425514      0.00163487
      1.40000002      0.42916005      0.01561144      0.00348070      0.00131529
      1.45000002      0.41506420      0.01304762      0.00276717      0.00102387
      1.50000002      0.40070694      0.01065936      0.00212270      0.00076407
      1.55000002      0.38618894      0.00847020      0.00155432      0.00053883
      1.60000002      0.37160021      0.00650066      0.00106800      0.00035058
      1.65000002      0.35702074      0.00476837      0.00066863      0.00020130
      1.70000003      0.34252114      0.00328817      0.00036007      0.00009251
      1.75000003      0.32816332      0.00207219      0.00014522      0.00002525
      1.80000003      0.31400109      0.00112998      0.00002600      0.00000018
      1.85000003      0.30008084      0.00046865      0.00000347      0.00001751
      1.90000003      0.28644211      0.00009299      0.00007782      0.00007710
      1.95000003      0.27311817      0.00000566      0.00024846      0.00017846
      2.00000003      0.26013662      0.00020724      0.00051406      0.00032074
      2.05000003      0.24751987      0.00069647      0.00087261      0.00050280
      2.10000003      0.23528567      0.00147034      0.00132149      0.00072325
      2.15000003      0.22344757      0.00252427      0.00185749      0.00098041
      2.20000003      0.21201536      0.00385222      0.00247690      0.00127240
      2.25000003      0.20099548      0.00544685      0.00317558      0.00159714
      2.30000003      0.19039139      0.00729964      0.00394896      0.00195237
      2.35000004      0.18020393      0.00940105      0.00479214      0.00233569
      2.40000004      0.17043167      0.01174060      0.00569993      0.00274458
      2.45000004      0.16107115      0.01430706      0.00666686      0.00317641
      2.50000004      0.15211719      0.01708849      0.00768732      0.00362848
      2.55000004      0.14356315      0.02007239      0.00875551      0.00409805
      2.60000004      0.13540110      0.02324583      0.00986554      0.00458232
      2.65000004      0.12762209      0.02659549      0.01101142      0.00507850
      2.70000004      0.12021630      0.03010779      0.01218719      0.00558377
      2.75000004      0.11317319      0.03376896      0.01338684      0.00609537
      2.80000004      0.10648170      0.03756513      0.01460443      0.00661055
      2.85000004      0.10013032      0.04148242      0.01583410      0.00712661
      2.90000004      0.09410726      0.04550696      0.01707007      0.00764093
      2.95000004      0.08840052      0.04962500      0.01830669      0.00815095
      3.00000004      0.08299800      0.05382295      0.01953847      0.00865421
      3.05000005      0.07788758      0.05808743      0.02076009      0.00914833
      3.10000005      0.07305719      0.06240531      0.02196643      0.00963107
      3.15000005      0.06849483      0.06676377      0.02315256      0.01010026
      3.20000005      0.06418871      0.07115034      0.02431378      0.01055388
      3.25000005      0.06012720      0.07555290      0.02544565      0.01099002
      3.30000005      0.05629892      0.07995974      0.02654394      0.01140693
      3.35000005      0.05269278      0.08435958      0.02760471      0.01180295
      3.40000005      0.04929795      0.08874156      0.02862426      0.01217660
      3.45000005      0.04610394      0.09309532      0.02959917      0.01252651
      3.50000005      0.04310059      0.09741095      0.03052631      0.01285147
      3.55000005      0.04027806      0.10167903      0.03140279      0.01315040
      3.60000005      0.03762688      0.10589065      0.03222605      0.01342236
      3.65000005      0.03513794      0.11003738      0.03299375      0.01366657
      3.70000006      0.03280248      0.11411131      0.03370387      0.01388236
      3.75000006      0.03061208      0.11810503      0.03435464      0.01406922
      3.80000006      0.02855870      0.12201162      0.03494458      0.01422677
      3.85000006      0.02663464      0.12582467      0.03547246      0.01435476
      3.90000006      0.02483256      0.12953825      0.03593731      0.01445306
      3.95000006      0.02314544      0.13314694      0.03633844      0.01452168
      4.00000006      0.02156660      0.13664578      0.03667537      0.01456074
      4.05000006      0.02008970      0.14003027      0.03694789      0.01457048
      4.10000006      0.01870869      0.14329639      0.03715601      0.01455124
      4.15000006      0.01741784      0.14644054      0.03729997      0.01450348
      4.20000006      0.01621171      0.14945958      0.03738022      0.01442776
      4.25000006      0.01508515      0.15235076      0.03739741      0.01432473
      4.30000006      0.01403328      0.15511177      0.03735240      0.01419513
      4.35000006      0.01305148      0.15774066      0.03724623      0.01403979
      4.40000007      0.01213540      0.16023587      0.03708011      0.01385960
      4.45000007      0.01128091      0.16259621      0.03685543      0.01365556
      4.50000007      0.01048412      0.16482082      0.03657373      0.01342870
      4.55000007      0.00974136      0.16690917      0.03623668      0.01318014
      4.60000007      0.00904919      0.16886107      0.03584610      0.01291102
      4.65000007      0.00840435      0.17067659      0.03540393      0.01262257
      4.70000007      0.00780377      0.17235612      0.03491224      0.01231603
      4.75000007      0.00724457      0.17390030      0.03437318      0.01199271
      4.80000007      0.00672404      0.17531002      0.03378900      0.01165392
      4.85000007      0.00623964      0.17658641      0.03316205      0.01130103
      4.90000007      0.00578898      0.17773084      0.03249474      0.01093541
      4.95000007      0.00536982      0.17874485      0.03178954      0.01055845
      5.00000007      0.00498005      0.17963020      0.03104899      0.01017156
      5.05000008      0.00461770      0.18038883      0.03027568      0.00977616
      5.10000008      0.00428093      0.18102284      0.02947221      0.00937365
      5.15000008      0.00396799      0.18153448      0.02864124      0.00896546
      5.20000008      0.00367728      0.18192613      0.02778544      0.00855299
      5.25000008      0.00340726      0.18220031      0.02690749      0.00813764
      5.30000008      0.00315653      0.18235966      0.02601008      0.00772079
      5.35000008      0.00292376      0.18240690      0.02509589      0.00730381
      5.40000008      0.00270771      0.18234486      0.02416760      0.00688804
      5.45000008      0.00250721      0.18217644      0.02322787      0.00647479
      5.50000008      0.00232118      0.18190462      0.02227935      0.00606536
      5.55000008      0.00214862      0.18153242      0.02132464      0.00566101
      5.60000008      0.00198858      0.18106293      0.02036634      0.00526296
      5.65000008      0.00184018      0.18049928      0.01940697      0.00487240
      5.70000008      0.00170261      0.17984462      0.01844903      0.00449048
      5.75000009      0.00157508      0.17910213      0.01749498      0.00411830
      5.80000009      0.00145690      0.17827501      0.01654721      0.00375693
      5.85000009      0.00134739      0.17736646      0.01560806      0.00340739
      5.90000009      0.00124594      0.17637971      0.01467980      0.00307066
      5.95000009      0.00115197      0.17531793      0.01376465      0.00274765
      6.00000009      0.00106494      0.17418435      0.01286476      0.00243924
      6.05000009      0.00098436      0.17298212      0.01198220      0.00214626
      6.10000009      0.00090975      0.17171440      0.01111898      0.00186948
      6.15000009      0.00084069      0.17038433      0.01027703      0.00160963
      6.20000009      0.00077678      0.16899500      0.00945819      0.00136737
      6.25000009      0.00071763      0.16754947      0.00866425      0.00114332
      6.30000009      0.00066291      0.16605077      0.00789688      0.00093804
      6.35000009      0.00061228      0.16450186      0.00715771      0.00075204
      6.40000010      0.00056545      0.16290569      0.00644827      0.00058578
      6.45000010      0.00052215      0.16126514      0.00576998      0.00043966
      6.50000010      0.00048210      0.15958302      0.00512423      0.00031404
      6.55000010      0.00044508      0.15786213      0.00451228      0.00020920
      6.60000010      0.00041085      0.15610517      0.00393532      0.00012540
      6.65000010      0.00037921      0.15431480      0.00339447      0.00006282
      6.70000010      0.00034997      0.15249362      0.00289075      0.00002162
      6.75000010      0.00032295      0.15064416      0.00242509      0.00000188
      6.80000010      0.00029798      0.14876889      0.00199835      0.00000365
      6.85000010      0.00027492      0.14687022      0.00161130      0.00002692
      6.90000010      0.00025361      0.14495048      0.00126464      0.00007165
      6.95000010      0.00023393      0.14301196      0.00095898      0.00013773
      7.00000010      0.00021576      0.14105685      0.00069484      0.00022504
      7.05000011      0.00019898      0.13908729      0.00047268      0.00033337
      7.10000011      0.00018349      0.13710535      0.00029288      0.00046252
      7.15000011      0.00016918      0.13511304      0.00015573      0.00061220
      7.20000011      0.00015598      0.13311229      0.00006146      0.00078212
      7.25000011      0.00014379      0.13110498      0.00001022      0.00097193
      7.30000011      0.00013255      0.12909289      0.00000209      0.00118126
      7.35000011      0.00012217      0.12707777      0.00003710      0.00140968
      7.40000011      0.00011259      0.12506128      0.00011517      0.00165675
      7.45000011      0.00010376      0.12304503      0.00023620      0.00192200
      7.50000011      0.00009561      0.12103055      0.00040000      0.00220492
      7.55000011      0.00008809      0.11901932      0.00060633      0.00250496
      7.60000011      0.00008116      0.11701274      0.00085489      0.00282158
      7.65000011      0.00007477      0.11501218      0.00114531      0.00315418
      7.70000011      0.00006887      0.11301891      0.00147718      0.00350215
      7.75000012      0.00006343      0.11103417      0.00185003      0.00386486
      7.80000012      0.00005842      0.10905911      0.00226335      0.00424166
      7.85000012      0.00005380      0.10709486      0.00271657      0.00463189
      7.90000012      0.00004954      0.10514247      0.00320907      0.00503485
      7.95000012      0.00004562      0.10320293      0.00374021      0.00544984
      8.00000012      0.00004200      0.10127719      0.00430927      0.00587615
      8.05000012      0.00003867      0.09936614      0.00491552      0.00631306
      8.10000012      0.00003560      0.09747062      0.00555819      0.00675983
      8.15000012      0.00003277      0.09559142      0.00623646      0.00721572
      8.20000012      0.00003016      0.09372929      0.00694949      0.00767997
      8.25000012      0.00002776      0.09188491      0.00769641      0.00815182
      8.30000012      0.00002554      0.09005893      0.00847630      0.00863052
      8.35000012      0.00002351      0.08825196      0.00928824      0.00911531
      8.40000013      0.00002163      0.08646455      0.01013126      0.00960541
      8.45000013      0.00001990      0.08469722      0.01100440      0.01010007
      8.50000013      0.00001831      0.08295044      0.01190665      0.01059851
      8.55000013      0.00001684      0.08122466      0.01283699      0.01109998
      8.60000013      0.00001550      0.07952026      0.01379438      0.01160372
      8.65000013      0.00001425      0.07783760      0.01477777      0.01210898
      8.70000013      0.00001311      0.07617702      0.01578610      0.01261501
      8.75000013      0.00001206      0.07453881      0.01681828      0.01312108
      8.80000013      0.00001109      0.07292321      0.01787324      0.01362645
      8.85000013      0.00001020      0.07133046      0.01894988      0.01413040
      8.90000013      0.00000938      0.06976075      0.02004710      0.01463223
      8.95000013      0.00000862      0.06821425      0.02116379      0.01513123
      9.00000013      0.00000793      0.06669110      0.02229884      0.01562671
      9.05000013      0.00000729      0.06519140      0.02345114      0.01611801
      9.10000014      0.00000670      0.06371524      0.02461958      0.01660447
      9.15000014      0.00000616      0.06226268      0.02580305      0.01708543
      9.20000014      0.00000566      0.06083376      0.02700044      0.01756028
      9.25000014      0.00000520      0.05942849      0.02821065      0.01802839
      9.30000014      0.00000478      0.05804686      0.02943258      0.01848917
      9.35000014      0.00000440      0.05668885      0.03066513      0.01894204
      9.40000014      0.00000404      0.05535440      0.03190722      0.01938645
      9.45000014      0.00000371      0.05404346      0.03315778      0.01982184
      9.50000014      0.00000341      0.05275593      0.03441573      0.02024770
      9.55000014      0.00000313      0.05149173      0.03568002      0.02066352
      9.60000014      0.00000288      0.05025073      0.03694961      0.02106882
      9.65000014      0.00000265      0.04903279      0.03822345      0.02146312
      9.70000014      0.00000243      0.04783779      0.03950054      0.02184600
      9.75000015      0.00000223      0.04666556      0.04077987      0.02221702
      9.80000015      0.00000205      0.04551592      0.04206045      0.02257579
      9.85000015      0.00000188      0.04438870      0.04334130      0.02292191
      9.90000015      0.00000173      0.04328371      0.04462146      0.02325504
      9.95000015      0.00000159      0.04220075      0.04590000      0.02357483
     10.00000015      0.00000146      0.04113959      0.04717600      0.02388097
     10.05000015      0.00000134      0.04010003      0.04844854      0.02417315
     10.10000015      0.00000123      0.03908182      0.04971675      0.02445112
     10.15000015      0.00000113      0.03808475      0.05097975      0.02471461
     10.20000015      0.00000104      0.03710855      0.05223670      0.02496339
     10.25000015      0.00000095      0.03615299      0.05348677      0.02519726
     10.30000015      0.00000088      0.03521781      0.05472916      0.02541603
     10.35000015      0.00000080      0.03430274      0.05596308      0.02561953
     10.40000015      0.00000074      0.03340753      0.05718776      0.02580762
     10.45000016      0.00000068      0.03253190      0.05840247      0.02598016
     10.50000016      0.00000062      0.03167559      0.05960648      0.02613707
     10.55000016      0.00000057      0.03083830      0.06079909      0.02627825
     10.60000016      0.00000052      0.03001978      0.06197963      0.02640364
     10.65000016      0.00000048      0.02921973      0.06314743      0.02651320
     10.70000016      0.00000044      0.02843787      0.06430187      0.02660691
     10.75000016      0.00000041      0.02767392      0.06544233      0.02668477
     10.80000016      0.00000037      0.02692759      0.06656823      0.02674678
     10.85000016      0.00000034      0.02619859      0.06767900      0.02679298
     10.90000016      0.00000031      0.02548664      0.06877409      0.02682343
     10.95000016      0.00000029      0.02479144      0.06985298      0.02683820
     11.00000016      0.00000026      0.02411272      0.07091516      0.02683738
     11.05000016      0.00000024      0.02345017      0.07196018      0.02682106
     11.10000017      0.00000022      0.02280353      0.07298755      0.02678938
     11.15000017      0.00000020      0.02217249      0.07399686      0.02674247
     11.20000017      0.00000019      0.02155677      0.07498769      0.02668049
     11.25000017      0.00000017      0.02095609      0.07595965      0.02660361
     11.30000017      0.00000016      0.02037017      0.07691236      0.02651202
     11.35000017      0.00000014      0.01979872      0.07784548      0.02640590
     11.40000017      0.00000013      0.01924147      0.07875868      0.02628549
     11.45000017      0.00000012      0.01869813      0.07965166      0.02615101
     11.50000017      0.00000011      0.01816844      0.08052412      0.02600269
     11.55000017      0.00000010      0.01765212      0.08137580      0.02584080
     11.60000017      0.00000009      0.01714890      0.08220645      0.02566559
     11.65000017      0.00000009      0.01665851      0.08301585      0.02547736
     11.70000017      0.00000008      0.01618069      0.08380379      0.02527637
     11.75000018      0.00000007      0.01571517      0.08457007      0.02506295
     11.80000018      0.00000007      0.01526170      0.08531454      0.02483739
     11.85000018      0.00000006      0.01482001      0.08603703      0.02460002
     11.90000018      0.00000006      0.01438987      0.08673741      0.02435116
     11.95000018      0.00000005      0.01397101      0.08741557      0.02409115
     12.00000018      0.00000005      0.01356318      0.08807140      0.02382035
     12.05000018      0.00000004      0.01316616      0.08870483      0.02353909
     12.10000018      0.00000004      0.01277968      0.08931579      0.02324775
     12.15000018      0.00000004      0.01240353      0.08990423      0.02294669
     12.20000018      0.00000003      0.01203746      0.09047011      0.02263628
     12.25000018      0.00000003      0.01168125      0.09101342      0.02231691
     12.30000018      0.00000003      0.01133466      0.09153416      0.02198896
     12.35000018      0.00000003      0.01099748      0.09203233      0.02165281
     12.40000018      0.00000002      0.01066949      0.09250796      0.02130887
     12.45000019      0.00000002      0.01035047      0.09296110      0.02095753
     12.50000019      0.00000002      0.01004021      0.09339180      0.02059919
     12.55000019      0.00000002      0.00973850      0.09380011      0.02023425
     12.60000019      0.00000002      0.00944513      0.09418613      0.01986313
     12.65000019      0.00000002      0.00915991      0.09454994      0.01948623
     12.70000019      0.00000001      0.00888264      0.09489165      0.01910396
     12.75000019      0.00000001      0.00861312      0.09521137      0.01871673
     12.80000019      0.00000001      0.00835116      0.09550922      0.01832496
     12.85000019      0.00000001      0.00809658      0.09578536      0.01792905
     12.90000019      0.00000001      0.00784919      0.09603992      0.01752942
     12.95000019      0.00000001      0.00760881      0.09627306      0.01712648
     13.00000019      0.00000001      0.00737527      0.09648494      0.01672065
     13.05000019      0.00000001      0.00714840      0.09667576      0.01631233
     13.10000020      0.00000001      0.00692801      0.09684568      0.01590193
     13.15000020      0.00000001      0.00671396      0.09699491      0.01548986
     13.20000020      0.00000001      0.00650607      0.09712365      0.01507652
     13.25000020      0.00000001      0.00630419      0.09723211      0.01466231
     13.30000020      0.00000000      0.00610816      0.09732050      0.01424764
     13.35000020      0.00000000      0.00591782      0.09738906      0.01383289
     13.40000020      0.00000000      0.00573304      0.09743801      0.01341847
     13.45000020      0.00000000      0.00555366      0.09746758      0.01300475
     13.50000020      0.00000000      0.00537954      0.09747804      0.01259213
     13.55000020      0.00000000      0.00521054      0.09746962      0.01218097
     13.60000020      0.00000000      0.00504652      0.09744258      0.01177167
     13.65000020      0.00000000      0.00488736      0.09739718      0.01136458
     13.70000020      0.00000000      0.00473291      0.09733369      0.01096007
     13.75000020      0.00000000      0.00458306      0.09725238      0.01055850
     13.80000021      0.00000000      0.00443767      0.09715352      0.01016022
     13.85000021      0.00000000      0.00429663      0.09703739      0.00976559
     13.90000021      0.00000000      0.00415982      0.09690428      0.00937495
     13.95000021      0.00000000      0.00402712      0.09675446      0.00898862
     14.00000021      0.00000000      0.00389841      0.09658822      0.00860694
     14.05000021      0.00000000      0.00377360      0.09640587      0.00823023
     14.10000021      0.00000000      0.00365256      0.09620768      0.00785881
     14.15000021      0.00000000      0.00353519      0.09599396      0.00749298
     14.20000021      0.00000000      0.00342140      0.09576500      0.00713305
     14.25000021      0.00000000      0.00331107      0.09552110      0.00677931
     14.30000021      0.00000000      0.00320412      0.09526257      0.00643205
     14.35000021      0.00000000      0.00310045      0.09498971      0.00609154
     14.40000021      0.00000000      0.00299996      0.09470281      0.00575807
     14.45000022      0.00000000      0.00290256      0.09440219      0.00543188
     14.50000022      0.00000000      0.00280816      0.09408815      0.00511325
     14.55000022      0.00000000      0.00271669      0.09376100      0.00480241
     14.60000022      0.00000000      0.00262805      0.09342103      0.00449961
     14.65000022      0.00000000      0.00254216      0.09306856      0.00420508
     14.70000022      0.00000000      0.00245895      0.09270389      0.00391905
     14.75000022      0.00000000      0.00237833      0.09232733      0.00364172
     14.80000022      0.00000000      0.00230024      0.09193917      0.00337332
     14.85000022      0.00000000      0.00222458      0.09153973      0.00311403
     14.90000022      0.00000000      0.00215131      0.09112931      0.00286405
     14.95000022      0.00000000      0.00208033      0.09070820      0.00262356
     15.00000022      0.00000000      0.00201160      0.09027671      0.00239274
     15.05000022      0.00000000      0.00194503      0.08983514      0.00217175
     15.10000023      0.00000000      0.00188057      0.08938378      0.00196075
     15.15000023      0.00000000      0.00181816      0.08892293      0.00175990
     15.20000023      0.00000000      0.00175773      0.08845288      0.00156933
     15.25000023      0.00000000      0.00169922      0.08797393      0.00138917
     15.30000023      0.00000000      0.00164257      0.08748636      0.00121956
     15.35000023      0.00000000      0.00158774      0.08699047      0.00106060
     15.40000023      0.00000000      0.00153466      0.08648654      0.00091241
     15.45000023      0.00000000      0.00148329      0.08597484      0.00077509
     15.50000023      0.00000000      0.00143356      0.08545567      0.00064872
     15.55000023      0.00000000      0.00138543      0.08492930      0.00053340
     15.60000023      0.00000000      0.00133886      0.08439601      0.00042921
     15.65000023      0.00000000      0.00129379      0.08385606      0.00033620
     15.70000023      0.00000000      0.00125018      0.08330973      0.00025444
     15.75000023      0.00000000      0.00120798      0.08275728      0.00018398
     15.80000024      0.00000000      0.00116715      0.08219899      0.00012487
     15.85000024      0.00000000      0.00112765      0.08163510      0.00007715
     15.90000024      0.00000000      0.00108944      0.08106587      0.00004085
     15.95000024      0.00000000      0.00105247      0.08049156      0.00001598
     16.00000024      0.00000000      0.00101672      0.07991243      0.00000257
     16.05000024      0.00000000      0.00098213      0.07932871      0.00000062
     16.10000024      0.00000000      0.00094868      0.07874065      0.00001014
     16.15000024      0.00000000      0.00091632      0.07814850      0.00003112
     16.20000024      0.00000000      0.00088503      0.07755249      0.00006354
     16.25000024      0.00000000      0.00085477      0.07695284      0.00010739
     16.30000024      0.00000000      0.00082551      0.07634981      0.00016264
     16.35000024      0.00000000      0.00079722      0.07574360      0.00022925
     16.40000024      0.00000000      0.00076987      0.07513444      0.00030720
     16.45000025      0.00000000      0.00074342      0.07452256      0.00039643
     16.50000025      0.00000000      0.00071785      0.07390816      0.00049689
     16.55000025      0.00000000      0.00069313      0.07329147      0.00060852
     16.60000025      0.00000000      0.00066923      0.07267268      0.00073126
     16.65000025      0.00000000      0.00064613      0.07205200      0.00086504
     16.70000025      0.00000000      0.00062380      0.07142964      0.00100979
     16.75000025      0.00000000      0.00060222      0.07080579      0.00116543
     16.80000025      0.00000000      0.00058136      0.07018064      0.00133186
     16.85000025      0.00000000      0.00056120      0.06955438      0.00150900
     16.90000025      0.00000000      0.00054172      0.06892721      0.00169675
     16.95000025      0.00000000      0.00052289      0.06829929      0.00189501
     17.00000025      0.00000000      0.00050470      0.06767081      0.00210367
     17.05000025      0.00000000      0.00048713      0.06704195      0.00232262
     17.10000025      0.00000000      0.00047014      0.06641287      0.00255175
     17.15000026      0.00000000      0.00045373      0.06578375      0.00279093
     17.20000026      0.00000000      0.00043788      0.06515474      0.00304005
     17.25000026      0.00000000      0.00042256      0.06452600      0.00329897
     17.30000026      0.00000000      0.00040776      0.06389770      0.00356755
     17.35000026      0.00000000      0.00039347      0.06326998      0.00384567
     17.40000026      0.00000000      0.00037967      0.06264299      0.00413319
     17.45000026      0.00000000      0.00036633      0.06201689      0.00442995
     17.50000026      0.00000000      0.00035345      0.06139180      0.00473581
     17.55000026      0.00000000      0.00034101      0.06076787      0.00505063
     17.60000026      0.00000000      0.00032900      0.06014524      0.00537424
     17.65000026      0.00000000      0.00031739      0.05952403      0.00570649
     17.70000026      0.00000000      0.00030619      0.05890437      0.00604721
     17.75000026      0.00000000      0.00029537      0.05828639      0.00639626
     17.80000027      0.00000000      0.00028492      0.05767020      0.00675345
     17.85000027      0.00000000      0.00027483      0.05705593      0.00711863
     17.90000027      0.00000000      0.00026509      0.05644369      0.00749162
     17.95000027      0.00000000      0.00025569      0.05583359      0.00787226
     18.00000027      0.00000000      0.00024661      0.05522573      0.00826035
     18.05000027      0.00000000      0.00023784      0.05462023      0.00865574
     18.10000027      0.00000000      0.00022938      0.05401718      0.00905823
     18.15000027      0.00000000      0.00022121      0.05341668      0.00946766
     18.20000027      0.00000000      0.00021333      0.05281882      0.00988383
     18.25000027      0.00000000      0.00020572      0.05222371      0.01030656
     18.30000027      0.00000000      0.00019837      0.05163141      0.01073567
     18.35000027      0.00000000      0.00019128      0.05104203      0.01117098
     18.40000027      0.00000000      0.00018444      0.05045564      0.01161229
     18.45000027      0.00000000      0.00017784      0.04987233      0.01205942
     18.50000028      0.00000000      0.00017146      0.04929216      0.01251218
     18.55000028      0.00000000      0.00016531      0.04871522      0.01297037
     18.60000028      0.00000000      0.00015938      0.04814158      0.01343381
     18.65000028      0.00000000      0.00015365      0.04757129      0.01390231
     18.70000028      0.00000000      0.00014813      0.04700444      0.01437567
     18.75000028      0.00000000      0.00014280      0.04644108      0.01485370
     18.80000028      0.00000000      0.00013765      0.04588128      0.01533622
     18.85000028      0.00000000      0.00013269      0.04532508      0.01582302
     18.90000028      0.00000000      0.00012790      0.04477255      0.01631391
     18.95000028      0.00000000      0.00012328      0.04422374      0.01680871
     19.00000028      0.00000000      0.00011883      0.04367870      0.01730722
     19.05000028      0.00000000      0.00011453      0.04313748      0.01780925
     19.10000028      0.00000000      0.00011038      0.04260012      0.01831460
     19.15000029      0.00000000      0.00010638      0.04206666      0.01882309
     19.20000029      0.00000000      0.00010252      0.04153715      0.01933453
     19.25000029      0.00000000      0.00009880      0.04101162      0.01984871
     19.30000029      0.00000000      0.00009521      0.04049012      0.02036547
     19.35000029      0.00000000      0.00009175      0.03997267      0.02088460
     19.40000029      0.00000000      0.00008841      0.03945931      0.02140592
     19.45000029      0.00000000      0.00008520      0.03895007      0.02192925
     19.50000029      0.00000000      0.00008209      0.03844498      0.02245439
     19.55000029      0.00000000      0.00007910      0.03794405      0.02298117
     19.60000029      0.00000000      0.00007621      0.03744733      0.02350939
     19.65000029      0.00000000      0.00007343      0.03695482      0.02403888
     19.70000029      0.00000000      0.00007074      0.03646655      0.02456945
     19.75000029      0.00000000      0.00006816      0.03598254      0.02510094
     19.80000030      0.00000000      0.00006566      0.03550280      0.02563315
     19.85000030      0.00000000      0.00006326      0.03502735      0.02616591
     19.90000030      0.00000000      0.00006094      0.03455620      0.02669905
     19.95000030      0.00000000      0.00005870      0.03408937      0.02723239
     20.00000030      0.00000000      0.00005655      0.03362686      0.02776577
     20.05000030      0.00000000      0.00005447      0.03316869      0.02829901
     20.10000030      0.00000000      0.00005247      0.03271485      0.02883194
     20.15000030      0.00000000      0.00005054      0.03226536      0.02936440
     20.20000030      0.00000000      0.00004867      0.03182022      0.02989622
     20.25000030      0.00000000      0.00004688      0.03137943      0.03042725
     20.30000030      0.00000000      0.00004515      0.03094300      0.03095731
     20.35000030      0.00000000      0.00004349      0.03051091      0.03148626
     20.40000030      0.00000000      0.00004188      0.03008318      0.03201393
     20.45000030      0.00000000      0.00004033      0.02965979      0.03254018
     20.50000031      0.00000000      0.00003884      0.02924075      0.03306484
     20.55000031      0.00000000      0.00003740      0.02882605      0.03358777
     20.60000031      0.00000000      0.00003602      0.02841568      0.03410883
     20.65000031      0.00000000      0.00003468      0.02800963      0.03462786
     20.70000031      0.00000000      0.00003340      0.02760791      0.03514473
     20.75000031      0.00000000      0.00003216      0.02721049      0.03565928
     20.80000031      0.00000000      0.00003097      0.02681736      0.03617140
     20.85000031      0.00000000      0.00002982      0.02642852      0.03668092
     20.90000031      0.00000000      0.00002871      0.02604395      0.03718774
     20.95000031      0.00000000      0.00002764      0.02566363      0.03769170
     21.00000031      0.00000000      0.00002661      0.02528756      0.03819269
     21.05000031      0.00000000      0.00002562      0.02491572      0.03869057
     21.10000031      0.00000000      0.00002466      0.02454809      0.03918523
     21.15000032      0.00000000      0.00002374      0.02418465      0.03967654
     21.20000032      0.00000000      0.00002286      0.02382539      0.04016438
     21.25000032      0.00000000      0.00002200      0.02347029      0.04064864
     21.30000032      0.00000000      0.00002118      0.02311932      0.04112920
     21.35000032      0.00000000      0.00002039      0.02277247      0.04160595
     21.40000032      0.00000000      0.00001963      0.02242972      0.04207878
     21.45000032      0.00000000      0.00001889      0.02209105      0.04254758
     21.50000032      0.00000000      0.00001818      0.02175642      0.04301225
     21.55000032      0.00000000      0.00001750      0.02142583      0.04347270
     21.60000032      0.00000000      0.00001685      0.02109924      0.04392881
     21.65000032      0.00000000      0.00001621      0.02077664      0.04438049
     21.70000032      0.00000000      0.00001561      0.02045799      0.04482766
     21.75000032      0.00000000      0.00001502      0.02014328      0.04527021
     21.80000032      0.00000000      0.00001445      0.01983248      0.04570807
     21.85000033      0.00000000      0.00001391      0.01952556      0.04614114
     21.90000033      0.00000000      0.00001339      0.01922250      0.04656934
     21.95000033      0.00000000      0.00001288      0.01892326      0.04699258
     22.00000033      0.00000000      0.00001240      0.01862783      0.04741080
     22.05000033      0.00000000      0.00001193      0.01833617      0.04782391
     22.10000033      0.00000000      0.00001148      0.01804826      0.04823184
     22.15000033      0.00000000      0.00001105      0.01776407      0.04863453
     22.20000033      0.00000000      0.00001063      0.01748356      0.04903189
     22.25000033      0.00000000      0.00001023      0.01720672      0.04942387
     22.30000033      0.00000000      0.00000984      0.01693351      0.04981040
     22.35000033      0.00000000      0.00000947      0.01666390      0.05019142
     22.40000033      0.00000000      0.00000911      0.01639787      0.05056687
     22.45000033      0.00000000      0.00000876      0.01613537      0.05093670
     22.50000034      0.00000000      0.00000843      0.01587640      0.05130085
     22.55000034      0.00000000      0.00000811      0.01562090      0.05165927
     22.60000034      0.00000000      0.00000780      0.01536885      0.05201191
     22.65000034      0.00000000      0.00000751      0.01512023      0.05235873
     22.70000034      0.00000000      0.00000722      0.01487500      0.05269967
     22.75000034      0.00000000      0.00000695      0.01463313      0.05303470
     22.80000034      0.00000000      0.00000668      0.01439458      0.05336378
     22.85000034      0.00000000      0.00000643      0.01415934      0.05368687
     22.90000034      0.00000000      0.00000619      0.01392736      0.05400394
     22.95000034      0.00000000      0.00000595      0.01369861      0.05431494
     23.00000034      0.00000000      0.00000572      0.01347307      0.05461986
     23.05000034      0.00000000      0.00000550      0.01325071      0.05491866
     23.10000034      0.00000000      0.00000529      0.01303148      0.05521132
     23.15000034      0.00000000      0.00000509      0.01281536      0.05549780
     23.20000035      0.00000000      0.00000490      0.01260232      0.05577810
     23.25000035      0.00000000      0.00000471      0.01239233      0.05605218
     23.30000035      0.00000000      0.00000453      0.01218535      0.05632003
     23.35000035      0.00000000      0.00000436      0.01198135      0.05658164
     23.40000035      0.00000000      0.00000419      0.01178031      0.05683699
     23.45000035      0.00000000      0.00000403      0.01158219      0.05708607
     23.50000035      0.00000000      0.00000388      0.01138696      0.05732886
     23.55000035      0.00000000      0.00000373      0.01119458      0.05756537
     23.60000035      0.00000000      0.00000358      0.01100503      0.05779558
     23.65000035      0.00000000      0.00000345      0.01081828      0.05801948
     23.70000035      0.00000000      0.00000331      0.01063429      0.05823709
     23.75000035      0.00000000      0.00000319      0.01045303      0.05844839
     23.80000035      0.00000000      0.00000307      0.01027448      0.05865338
     23.85000036      0.00000000      0.00000295      0.01009859      0.05885208
     23.90000036      0.00000000      0.00000283      0.00992535      0.05904448
     23.95000036      0.00000000      0.00000272      0.00975472      0.05923059
     24.00000036      0.00000000      0.00000262      0.00958667      0.05941041
     24.05000036      0.00000000      0.00000252      0.00942116      0.05958397
     24.10000036      0.00000000      0.00000242      0.00925818      0.05975126
     24.15000036      0.00000000      0.00000233      0.00909769      0.05991231
     24.20000036      0.00000000      0.00000224      0.00893965      0.06006712
     24.25000036      0.00000000      0.00000215      0.00878404      0.06021571
     24.30000036      0.00000000      0.00000207      0.00863083      0.06035810
     24.35000036      0.00000000      0.00000199      0.00848000      0.06049430
     24.40000036      0.00000000      0.00000191      0.00833150      0.06062435
     24.45000036      0.00000000      0.00000184      0.00818532      0.06074825
     24.50000037      0.00000000      0.00000177      0.00804141      0.06086604
     24.55000037      0.00000000      0.00000170      0.00789977      0.06097773
     24.60000037      0.00000000      0.00000163      0.00776035      0.06108336
     24.65000037      0.00000000      0.00000157      0.00762312      0.06118294
     24.70000037      0.00000000      0.00000151      0.00748806      0.06127651
     24.75000037      0.00000000      0.00000145      0.00735515      0.06136409
     24.80000037      0.00000000      0.00000139      0.00722435      0.06144573
     24.85000037      0.00000000      0.00000134      0.00709563      0.06152144
     24.90000037      0.00000000      0.00000129      0.00696898      0.06159127
     24.95000037      0.00000000      0.00000124      0.00684435      0.06165524
     25.00000037      0.00000000      0.00000119      0.00672173      0.06171339
     25.05000037      0.00000000      0.00000114      0.00660109      0.06176576
     25.10000037      0.00000000      0.00000110      0.00648239      0.06181238
     25.15000037      0.00000000      0.00000106      0.00636562      0.06185330
     25.20000038      0.00000000      0.00000102      0.00625076      0.06188854
     25.25000038      0.00000000      0.00000098      0.00613776      0.06191816
     25.30000038      0.00000000      0.00000094      0.00602661      0.06194219
     25.35000038      0.00000000      0.00000090      0.00591728      0.06196068
     25.40000038      0.00000000      0.00000087      0.00580975      0.06197367
     25.45000038      0.00000000      0.00000083      0.00570399      0.06198119
     25.50000038      0.00000000      0.00000080      0.00559998      0.06198330
     25.55000038      0.00000000      0.00000077      0.00549769      0.06198005
     25.60000038      0.00000000      0.00000074      0.00539710      0.06197147
     25.65000038      0.00000000      0.00000071      0.00529819      0.06195761
     25.70000038      0.00000000      0.00000068      0.00520092      0.06193852
     25.75000038      0.00000000      0.00000066      0.00510528      0.06191425
     25.80000038      0.00000000      0.00000063      0.00501125      0.06188485
     25.85000039      0.00000000      0.00000061      0.00491879      0.06185037
     25.90000039      0.00000000      0.00000058      0.00482790      0.06181086
     25.95000039      0.00000000      0.00000056      0.00473854      0.06176636
     26.00000039      0.00000000      0.00000054      0.00465069      0.06171692
     26.05000039      0.00000000      0.00000052      0.00456433      0.06166261
     26.10000039      0.00000000      0.00000050      0.00447944      0.06160347
     26.15000039      0.00000000      0.00000048      0.00439600      0.06153956
     26.20000039      0.00000000      0.00000046      0.00431399      0.06147092
     26.25000039      0.00000000      0.00000044      0.00423338      0.06139761
     26.30000039      0.00000000      0.00000042      0.00415415      0.06131969
     26.35000039      0.00000000      0.00000041      0.00407629      0.06123721
     26.40000039      0.00000000      0.00000039      0.00399976      0.06115022
     26.45000039      0.00000000      0.00000037      0.00392457      0.06105877
     26.50000039      0.00000000      0.00000036      0.00385067      0.06096294
     26.55000040      0.00000000      0.00000035      0.00377805      0.06086275
     26.60000040      0.00000000      0.00000033      0.00370670      0.06075829
     26.65000040      0.00000000      0.00000032      0.00363659      0.06064959
     26.70000040      0.00000000      0.00000031      0.00356771      0.06053672
     26.75000040      0.00000000      0.00000029      0.00350003      0.06041974
     26.80000040      0.00000000      0.00000028      0.00343354      0.06029869
     26.85000040      0.00000000      0.00000027      0.00336822      0.06017364
     26.90000040      0.00000000      0.00000026      0.00330405      0.06004465
     26.95000040      0.00000000      0.00000025      0.00324101      0.05991176
     27.00000040      0.00000000      0.00000024      0.00317908      0.05977505
     27.05000040      0.00000000      0.00000023      0.00311826      0.05963456
     27.10000040      0.00000000      0.00000022      0.00305851      0.05949035
     27.15000040      0.00000000      0.00000021      0.00299982      0.05934248
     27.20000041      0.00000000      0.00000020      0.00294218      0.05919101
     27.25000041      0.00000000      0.00000020      0.00288557      0.05903600
     27.30000041      0.00000000      0.00000019      0.00282998      0.05887750
     27.35000041      0.00000000      0.00000018      0.00277538      0.05871556
     27.40000041      0.00000000      0.00000017      0.00272176      0.05855026
     27.45000041      0.00000000      0.00000017      0.00266910      0.05838164
     27.50000041      0.00000000      0.00000016      0.00261740      0.05820977
     27.55000041      0.00000000      0.00000015      0.00256662      0.05803469
     27.60000041      0.00000000      0.00000015      0.00251677      0.05785648
     27.65000041      0.00000000      0.00000014      0.00246782      0.05767517
     27.70000041      0.00000000      0.00000014      0.00241976      0.05749084
     27.75000041      0.00000000      0.00000013      0.00237258      0.05730354
     27.80000041      0.00000000      0.00000013      0.00232625      0.05711333
     27.85000041      0.00000000      0.00000012      0.00228077      0.05692025
     27.90000042      0.00000000      0.00000012      0.00223612      0.05672438
     27.95000042      0.00000000      0.00000011      0.00219229      0.05652576
     28.00000042      0.00000000      0.00000011      0.00214927      0.05632445
     28.05000042      0.00000000      0.00000010      0.00210703      0.05612051
     28.10000042      0.00000000      0.00000010      0.00206558      0.05591399
     28.15000042      0.00000000      0.00000010      0.00202488      0.05570495
     28.20000042      0.00000000      0.00000009      0.00198494      0.05549345
     28.25000042      0.00000000      0.00000009      0.00194574      0.05527953
     28.30000042      0.00000000      0.00000008      0.00190727      0.05506326
     28.35000042      0.00000000      0.00000008      0.00186951      0.05484468
     28.40000042      0.00000000      0.00000008      0.00183246      0.05462386
     28.45000042      0.00000000      0.00000007      0.00179609      0.05440084
     28.50000042      0.00000000      0.00000007      0.00176040      0.05417569
     28.55000043      0.00000000      0.00000007      0.00172538      0.05394844
     28.60000043      0.00000000      0.00000007      0.00169102      0.05371917
     28.65000043      0.00000000      0.00000006      0.00165730      0.05348791
     28.70000043      0.00000000      0.00000006      0.00162422      0.05325472
     28.75000043      0.00000000      0.00000006      0.00159175      0.05301966
     28.80000043      0.00000000      0.00000006      0.00155990      0.05278277
     28.85000043      0.00000000      0.00000005      0.00152865      0.05254411
     28.90000043      0.00000000      0.00000005      0.00149799      0.05230373
     28.95000043      0.00000000      0.00000005      0.00146791      0.05206167
     29.00000043      0.00000000      0.00000005      0.00143840      0.05181800
     29.05000043      0.00000000      0.00000005      0.00140945      0.05157275
     29.10000043      0.00000000      0.00000004      0.00138106      0.05132598
     29.15000043      0.00000000      0.00000004      0.00135320      0.05107774
     29.20000044      0.00000000      0.00000004      0.00132587      0.05082807
     29.25000044      0.00000000      0.00000004      0.00129907      0.05057702
     29.30000044      0.00000000      0.00000004      0.00127278      0.05032465
     29.35000044      0.00000000      0.00000004      0.00124699      0.05007100
     29.40000044      0.00000000      0.00000003      0.00122170      0.04981611
     29.45000044      0.00000000      0.00000003      0.00119689      0.04956004
     29.50000044      0.00000000      0.00000003      0.00117257      0.04930282
     29.55000044      0.00000000      0.00000003      0.00114871      0.04904451
     29.60000044      0.00000000      0.00000003      0.00112531      0.04878515
     29.65000044      0.00000000      0.00000003      0.00110236      0.04852479
     29.70000044      0.00000000      0.00000003      0.00107986      0.04826346
     29.75000044      0.00000000      0.00000003      0.00105779      0.04800122
     29.80000044      0.00000000      0.00000002      0.00103615      0.04773810
     29.85000044      0.00000000      0.00000002      0.00101493      0.04747416
     29.90000045      0.00000000      0.00000002      0.00099412      0.04720942
     29.95000045      0.00000000      0.00000002      0.00097372      0.04694394
     30.00000045      0.00000000      0.00000002      0.00095372      0.04667776
     30.05000045      0.00000000      0.00000002      0.00093411      0.04641092
     30.10000045      0.00000000      0.00000002      0.00091488      0.04614345
     30.15000045      0.00000000      0.00000002      0.00089603      0.04587540
     30.20000045      0.00000000      0.00000002      0.00087755      0.04560682
     30.25000045      0.00000000      0.00000002      0.00085943      0.04533773
     30.30000045      0.00000000      0.00000002      0.00084167      0.04506817
     30.35000045      0.00000000      0.00000002      0.00082426      0.04479819
     30.40000045      0.00000000      0.00000002      0.00080719      0.04452783
     30.45000045      0.00000000      0.00000001      0.00079046      0.04425711
     30.50000045      0.00000000      0.00000001      0.00077406      0.04398609
     30.55000046      0.00000000      0.00000001      0.00075798      0.04371478
     30.60000046      0.00000000      0.00000001      0.00074222      0.04344324
     30.65000046      0.00000000      0.00000001      0.00072678      0.04317149
     30.70000046      0.00000000      0.00000001      0.00071164      0.04289958
     30.75000046      0.00000000      0.00000001      0.00069680      0.04262752
     30.80000046      0.00000000      0.00000001      0.00068226      0.04235537
     30.85000046      0.00000000      0.00000001      0.00066801      0.04208316
     30.90000046      0.00000000      0.00000001      0.00065404      0.04181090
     30.95000046      0.00000000      0.00000001      0.00064035      0.04153865
     31.00000046      0.00000000      0.00000001      0.00062694      0.04126643
     31.05000046      0.00000000      0.00000001      0.00061379      0.04099427
     31.10000046      0.00000000      0.00000001      0.00060091      0.04072221
     31.15000046      0.00000000      0.00000001      0.00058829      0.04045027
     31.20000046      0.00000000      0.00000001      0.00057592      0.04017848
     31.25000047      0.00000000      0.00000001      0.00056380      0.03990688
     31.30000047      0.00000000      0.00000001      0.00055192      0.03963550
     31.35000047      0.00000000      0.00000001      0.00054028      0.03936436
     31.40000047      0.00000000      0.00000001      0.00052888      0.03909349
     31.45000047      0.00000000      0.00000001      0.00051771      0.03882292
     31.50000047      0.00000000      0.00000001      0.00050677      0.03855268
     31.55000047      0.00000000      0.00000001      0.00049605      0.03828280
     31.60000047      0.00000000      0.00000001      0.00048554      0.03801329
     31.65000047      0.00000000      0.00000001      0.00047525      0.03774419
     31.70000047      0.00000000      0.00000001      0.00046517      0.03747553
     31.75000047      0.00000000      0.00000000      0.00045529      0.03720732
     31.80000047      0.00000000      0.00000000      0.00044561      0.03693960
     31.85000047      0.00000000      0.00000000      0.00043613      0.03667238
     31.90000048      0.00000000      0.00000000      0.00042685      0.03640569
     31.95000048      0.00000000      0.00000000      0.00041775      0.03613956
     32.00000048      0.00000000      0.00000000      0.00040885      0.03587401
     32.05000048      0.00000000      0.00000000      0.00040012      0.03560906
     32.10000048      0.00000000      0.00000000      0.00039157      0.03534473
     32.15000048      0.00000000      0.00000000      0.00038320      0.03508104
     32.20000048      0.00000000      0.00000000      0.00037500      0.03481802
     32.25000048      0.00000000      0.00000000      0.00036697      0.03455568
     32.30000048      0.00000000      0.00000000      0.00035911      0.03429405
     32.35000048      0.00000000      0.00000000      0.00035140      0.03403315
     32.40000048      0.00000000      0.00000000      0.00034386      0.03377300
     32.45000048      0.00000000      0.00000000      0.00033647      0.03351361
     32.50000048      0.00000000      0.00000000      0.00032924      0.03325500
     32.55000049      0.00000000      0.00000000      0.00032215      0.03299720
     32.60000049      0.00000000      0.00000000      0.00031521      0.03274021
     32.65000049      0.00000000      0.00000000      0.00030842      0.03248407
     32.70000049      0.00000000      0.00000000      0.00030176      0.03222877
     32.75000049      0.00000000      0.00000000      0.00029525      0.03197435
     32.80000049      0.00000000      0.00000000      0.00028887      0.03172082
     32.85000049      0.00000000      0.00000000      0.00028262      0.03146820
     32.90000049      0.00000000      0.00000000      0.00027650      0.03121649
     32.95000049      0.00000000      0.00000000      0.00027052      0.03096571
     33.00000049      0.00000000      0.00000000      0.00026465      0.03071589
     33.05000049      0.00000000      0.00000000      0.00025891      0.03046703
     33.10000049      0.00000000      0.00000000      0.00025329      0.03021915
     33.15000049      0.00000000      0.00000000      0.00024779      0.02997226
     33.20000049      0.00000000      0.00000000      0.00024240      0.02972637
     33.25000050      0.00000000      0.00000000      0.00023713      0.02948151
     33.30000050      0.00000000      0.00000000      0.00023196      0.02923767
     33.35000050      0.00000000      0.00000000      0.00022691      0.02899488
     33.40000050      0.00000000      0.00000000      0.00022196      0.02875314
     33.45000050      0.00000000      0.00000000      0.00021711      0.02851246
     33.50000050      0.00000000      0.00000000      0.00021237      0.02827287
     33.55000050      0.00000000      0.00000000      0.00020773      0.02803436
     33.60000050      0.00000000      0.00000000      0.00020318      0.02779695
     33.65000050      0.00000000      0.00000000      0.00019874      0.02756066
     33.70000050      0.00000000      0.00000000      0.00019438      0.02732548
     33.75000050      0.00000000      0.00000000      0.00019012      0.02709142
     33.80000050      0.00000000      0.00000000      0.00018595      0.02685851
     33.85000050      0.00000000      0.00000000      0.00018187      0.02662674
     33.90000051      0.00000000      0.00000000      0.00017787      0.02639613
     33.95000051      0.00000000      0.00000000      0.00017396      0.02616669
     34.00000051      0.00000000      0.00000000      0.00017013      0.02593841
     34.05000051      0.00000000      0.00000000      0.00016639      0.02571131
     34.10000051      0.00000000      0.00000000      0.00016272      0.02548540
     34.15000051      0.00000000      0.00000000      0.00015913      0.02526069
     34.20000051      0.00000000      0.00000000      0.00015562      0.02503717
     34.25000051      0.00000000      0.00000000      0.00015219      0.02481487
     34.30000051      0.00000000      0.00000000      0.00014882      0.02459377
     34.35000051      0.00000000      0.00000000      0.00014553      0.02437390
     34.40000051      0.00000000      0.00000000      0.00014231      0.02415525
     34.45000051      0.00000000      0.00000000      0.00013916      0.02393783
     34.50000051      0.00000000      0.00000000      0.00013608      0.02372164
     34.55000051      0.00000000      0.00000000      0.00013306      0.02350670
     34.60000052      0.00000000      0.00000000      0.00013011      0.02329300
     34.65000052      0.00000000      0.00000000      0.00012722      0.02308055
     34.70000052      0.00000000      0.00000000      0.00012439      0.02286936
     34.75000052      0.00000000      0.00000000      0.00012163      0.02265942
     34.80000052      0.00000000      0.00000000      0.00011892      0.02245075
     34.85000052      0.00000000      0.00000000      0.00011627      0.02224334
     34.90000052      0.00000000      0.00000000      0.00011368      0.02203719
     34.95000052      0.00000000      0.00000000      0.00011115      0.02183232
     35.00000052      0.00000000      0.00000000      0.00010867      0.02162872
     35.05000052      0.00000000      0.00000000      0.00010624      0.02142640
     35.10000052      0.00000000      0.00000000      0.00010387      0.02122535
     35.15000052      0.00000000      0.00000000      0.00010155      0.02102559
     35.20000052      0.00000000      0.00000000      0.00009928      0.02082711
     35.25000053      0.00000000      0.00000000      0.00009705      0.02062991
     35.30000053      0.00000000      0.00000000      0.00009488      0.02043399
     35.35000053      0.00000000      0.00000000      0.00009275      0.02023937
     35.40000053      0.00000000      0.00000000      0.00009067      0.02004603
     35.45000053      0.00000000      0.00000000      0.00008864      0.01985397
     35.50000053      0.00000000      0.00000000      0.00008665      0.01966321
     35.55000053      0.00000000      0.00000000      0.00008470      0.01947373
     35.60000053      0.00000000      0.00000000      0.00008280      0.01928555
     35.65000053      0.00000000      0.00000000      0.00008093      0.01909865
     35.70000053      0.00000000      0.00000000      0.00007911      0.01891304
     35.75000053      0.00000000      0.00000000      0.00007733      0.01872872
     35.80000053      0.00000000      0.00000000      0.00007559      0.01854569
     35.85000053      0.00000000      0.00000000      0.00007388      0.01836394
     35.90000053      0.00000000      0.00000000      0.00007222      0.01818348
     35.95000054      0.00000000      0.00000000      0.00007059      0.01800431
     36.00000054      0.00000000      0.00000000      0.00006899      0.01782642
     36.05000054      0.00000000      0.00000000      0.00006743      0.01764982
     36.10000054      0.00000000      0.00000000      0.00006590      0.01747449
     36.15000054      0.00000000      0.00000000      0.00006441      0.01730045
     36.20000054      0.00000000      0.00000000      0.00006295      0.01712768
     36.25000054      0.00000000      0.00000000      0.00006153      0.01695619
     36.30000054      0.00000000      0.00000000      0.00006013      0.01678598
     36.35000054      0.00000000      0.00000000      0.00005877      0.01661703
     36.40000054      0.00000000      0.00000000      0.00005743      0.01644936
     36.45000054      0.00000000      0.00000000      0.00005613      0.01628295
     36.50000054      0.00000000      0.00000000      0.00005485      0.01611781
     36.55000054      0.00000000      0.00000000      0.00005360      0.01595392
     36.60000055      0.00000000      0.00000000      0.00005238      0.01579130
     36.65000055      0.00000000      0.00000000      0.00005119      0.01562993
     36.70000055      0.00000000      0.00000000      0.00005003      0.01546981
     36.75000055      0.00000000      0.00000000      0.00004889      0.01531095
     36.80000055      0.00000000      0.00000000      0.00004777      0.01515332
     36.85000055      0.00000000      0.00000000      0.00004668      0.01499695
     36.90000055      0.00000000      0.00000000      0.00004561      0.01484180
     36.95000055      0.00000000      0.00000000      0.00004457      0.01468790
     37.00000055      0.00000000      0.00000000      0.00004355      0.01453522
     37.05000055      0.00000000      0.00000000      0.00004256      0.01438378
     37.10000055      0.00000000      0.00000000      0.00004158      0.01423355
     37.15000055      0.00000000      0.00000000      0.00004063      0.01408455
     37.20000055      0.00000000      0.00000000      0.00003970      0.01393675
     37.25000056      0.00000000      0.00000000      0.00003879      0.01379017
     37.30000056      0.00000000      0.00000000      0.00003790      0.01364480
     37.35000056      0.00000000      0.00000000      0.00003703      0.01350063
     37.40000056      0.00000000      0.00000000      0.00003618      0.01335765
     37.45000056      0.00000000      0.00000000      0.00003535      0.01321587
     37.50000056      0.00000000      0.00000000      0.00003453      0.01307527
     37.55000056      0.00000000      0.00000000      0.00003374      0.01293586
     37.60000056      0.00000000      0.00000000      0.00003296      0.01279763
     37.65000056      0.00000000      0.00000000      0.00003220      0.01266057
     37.70000056      0.00000000      0.00000000      0.00003146      0.01252467
     37.75000056      0.00000000      0.00000000      0.00003074      0.01238994
     37.80000056      0.00000000      0.00000000      0.00003003      0.01225637
     37.85000056      0.00000000      0.00000000      0.00002933      0.01212395
     37.90000056      0.00000000      0.00000000      0.00002866      0.01199268
     37.95000057      0.00000000      0.00000000      0.00002799      0.01186255
     38.00000057      0.00000000      0.00000000      0.00002735      0.01173355
     38.05000057      0.00000000      0.00000000      0.00002671      0.01160569
     38.10000057      0.00000000      0.00000000      0.00002610      0.01147895
     38.15000057      0.00000000      0.00000000      0.00002549      0.01135333
     38.20000057      0.00000000      0.00000000      0.00002490      0.01122883
     38.25000057      0.00000000      0.00000000      0.00002432      0.01110544
     38.30000057      0.00000000      0.00000000      0.00002376      0.01098314
     38.35000057      0.00000000      0.00000000      0.00002321      0.01086195
     38.40000057      0.00000000      0.00000000      0.00002267      0.01074185
     38.45000057      0.00000000      0.00000000      0.00002214      0.01062283
     38.50000057      0.00000000      0.00000000      0.00002163      0.01050489
     38.55000057      0.00000000      0.00000000      0.00002113      0.01038803
     38.60000058      0.00000000      0.00000000      0.00002063      0.01027223
     38.65000058      0.00000000      0.00000000      0.00002015      0.01015749
     38.70000058      0.00000000      0.00000000      0.00001969      0.01004381
     38.75000058      0.00000000      0.00000000      0.00001923      0.00993118
     38.80000058      0.00000000      0.00000000      0.00001878      0.00981960
     38.85000058      0.00000000      0.00000000      0.00001834      0.00970905
     38.90000058      0.00000000      0.00000000      0.00001791      0.00959953
     38.95000058      0.00000000      0.00000000      0.00001749      0.00949104
     39.00000058      0.00000000      0.00000000      0.00001709      0.00938356
     39.05000058      0.00000000      0.00000000      0.00001669      0.00927710
     39.10000058      0.00000000      0.00000000      0.00001630      0.00917165
     39.15000058      0.00000000      0.00000000      0.00001592      0.00906719
     39.20000058      0.00000000      0.00000000      0.00001554      0.00896373
     39.25000058      0.00000000      0.00000000      0.00001518      0.00886126
     39.30000059      0.00000000      0.00000000      0.00001482      0.00875976
     39.35000059      0.00000000      0.00000000      0.00001448      0.00865924
     39.40000059      0.00000000      0.00000000      0.00001414      0.00855969
     39.45000059      0.00000000      0.00000000      0.00001380      0.00846111
     39.50000059      0.00000000      0.00000000      0.00001348      0.00836347
     39.55000059      0.00000000      0.00000000      0.00001316      0.00826679
     39.60000059      0.00000000      0.00000000      0.00001285      0.00817105
     39.65000059      0.00000000      0.00000000      0.00001255      0.00807625
     39.70000059      0.00000000      0.00000000      0.00001226      0.00798238
     39.75000059      0.00000000      0.00000000      0.00001197      0.00788943
     39.80000059      0.00000000      0.00000000      0.00001169      0.00779739
     39.85000059      0.00000000      0.00000000      0.00001141      0.00770627
     39.90000059      0.00000000      0.00000000      0.00001114      0.00761606
     39.95000060      0.00000000      0.00000000      0.00001088      0.00752674
     40.00000060      0.00000000      0.00000000      0.00001062      0.00743831
     40.05000060      0.00000000      0.00000000      0.00001037      0.00735077
     40.10000060      0.00000000      0.00000000      0.00001013      0.00726411
     40.15000060      0.00000000      0.00000000      0.00000989      0.00717831
     40.20000060      0.00000000      0.00000000      0.00000966      0.00709339
     40.25000060      0.00000000      0.00000000      0.00000943      0.00700933
     40.30000060      0.00000000      0.00000000      0.00000920      0.00692611
     40.35000060      0.00000000      0.00000000      0.00000899      0.00684375
     40.40000060      0.00000000      0.00000000      0.00000877      0.00676222
     40.45000060      0.00000000      0.00000000      0.00000857      0.00668153
     40.50000060      0.00000000      0.00000000      0.00000836      0.00660167
     40.55000060      0.00000000      0.00000000      0.00000817      0.00652263
     40.60000060      0.00000000      0.00000000      0.00000797      0.00644440
     40.65000061      0.00000000      0.00000000      0.00000778      0.00636699
     40.70000061      0.00000000      0.00000000      0.00000760      0.00629037
     40.75000061      0.00000000      0.00000000      0.00000742      0.00621455
     40.80000061      0.00000000      0.00000000      0.00000724      0.00613952
     40.85000061      0.00000000      0.00000000      0.00000707      0.00606528
     40.90000061      0.00000000      0.00000000      0.00000690      0.00599181
     40.95000061      0.00000000      0.00000000      0.00000674      0.00591911
     41.00000061      0.00000000      0.00000000      0.00000658      0.00584718
     41.05000061      0.00000000      0.00000000      0.00000642      0.00577600
     41.10000061      0.00000000      0.00000000      0.00000627      0.00570558
     41.15000061      0.00000000      0.00000000      0.00000612      0.00563591
     41.20000061      0.00000000      0.00000000      0.00000597      0.00556697
     41.25000061      0.00000000      0.00000000      0.00000583      0.00549877
     41.30000062      0.00000000      0.00000000      0.00000569      0.00543130
     41.35000062      0.00000000      0.00000000      0.00000555      0.00536455
     41.40000062      0.00000000      0.00000000      0.00000542      0.00529851
     41.45000062      0.00000000      0.00000000      0.00000529      0.00523319
     41.50000062      0.00000000      0.00000000      0.00000517      0.00516857
     41.55000062      0.00000000      0.00000000      0.00000504      0.00510464
     41.60000062      0.00000000      0.00000000      0.00000492      0.00504141
     41.65000062      0.00000000      0.00000000      0.00000480      0.00497886
     41.70000062      0.00000000      0.00000000      0.00000469      0.00491700
     41.75000062      0.00000000      0.00000000      0.00000458      0.00485580
     41.80000062      0.00000000      0.00000000      0.00000447      0.00479528
     41.85000062      0.00000000      0.00000000      0.00000436      0.00473542
     41.90000062      0.00000000      0.00000000      0.00000426      0.00467621
     41.95000063      0.00000000      0.00000000      0.00000415      0.00461766
     42.00000063      0.00000000      0.00000000      0.00000405      0.00455975
     42.05000063      0.00000000      0.00000000      0.00000396      0.00450247
     42.10000063      0.00000000      0.00000000      0.00000386      0.00444584
     42.15000063      0.00000000      0.00000000      0.00000377      0.00438983
     42.20000063      0.00000000      0.00000000      0.00000368      0.00433444
     42.25000063      0.00000000      0.00000000      0.00000359      0.00427967
     42.30000063      0.00000000      0.00000000      0.00000350      0.00422551
     42.35000063      0.00000000      0.00000000      0.00000342      0.00417195
     42.40000063      0.00000000      0.00000000      0.00000334      0.00411900
     42.45000063      0.00000000      0.00000000      0.00000326      0.00406664
     42.50000063      0.00000000      0.00000000      0.00000318      0.00401486
     42.55000063      0.00000000      0.00000000      0.00000310      0.00396368
     42.60000063      0.00000000      0.00000000      0.00000303      0.00391307
     42.65000064      0.00000000      0.00000000      0.00000295      0.00386303
     42.70000064      0.00000000      0.00000000      0.00000288      0.00381356
     42.75000064      0.00000000      0.00000000      0.00000281      0.00376465
     42.80000064      0.00000000      0.00000000      0.00000274      0.00371629
     42.85000064      0.00000000      0.00000000      0.00000268      0.00366849
     42.90000064      0.00000000      0.00000000      0.00000261      0.00362124
     42.95000064      0.00000000      0.00000000      0.00000255      0.00357452
     43.00000064      0.00000000      0.00000000      0.00000249      0.00352834
     43.05000064      0.00000000      0.00000000      0.00000243      0.00348269
     43.10000064      0.00000000      0.00000000      0.00000237      0.00343757
     43.15000064      0.00000000      0.00000000      0.00000231      0.00339297
     43.20000064      0.00000000      0.00000000      0.00000226      0.00334888
     43.25000064      0.00000000      0.00000000      0.00000220      0.00330530
     43.30000065      0.00000000      0.00000000      0.00000215      0.00326223
     43.35000065      0.00000000      0.00000000      0.00000210      0.00321966
     43.40000065      0.00000000      0.00000000      0.00000204      0.00317759
     43.45000065      0.00000000      0.00000000      0.00000200      0.00313600
     43.50000065      0.00000000      0.00000000      0.00000195      0.00309490
     43.55000065      0.00000000      0.00000000      0.00000190      0.00305428
     43.60000065      0.00000000      0.00000000      0.00000185      0.00301414
     43.65000065      0.00000000      0.00000000      0.00000181      0.00297447
     43.70000065      0.00000000      0.00000000      0.00000176      0.00293527
     43.75000065      0.00000000      0.00000000      0.00000172      0.00289652
     43.80000065      0.00000000      0.00000000      0.00000168      0.00285824
     43.85000065      0.00000000      0.00000000      0.00000164      0.00282041
     43.90000065      0.00000000      0.00000000      0.00000160      0.00278302
     43.95000065      0.00000000      0.00000000      0.00000156      0.00274608
     44.00000066      0.00000000      0.00000000      0.00000152      0.00270958
     44.05000066      0.00000000      0.00000000      0.00000148      0.00267351
     44.10000066      0.00000000      0.00000000      0.00000145      0.00263788
     44.15000066      0.00000000      0.00000000      0.00000141      0.00260267
     44.20000066      0.00000000      0.00000000      0.00000138      0.00256788
     44.25000066      0.00000000      0.00000000      0.00000134      0.00253351
     44.30000066      0.00000000      0.00000000      0.00000131      0.00249955
     44.35000066      0.00000000      0.00000000      0.00000128      0.00246599
     44.40000066      0.00000000      0.00000000      0.00000125      0.00243285
     44.45000066      0.00000000      0.00000000      0.00000122      0.00240010
     44.50000066      0.00000000      0.00000000      0.00000119      0.00236775
     44.55000066      0.00000000      0.00000000      0.00000116      0.00233579
     44.60000066      0.00000000      0.00000000      0.00000113      0.00230422
     44.65000067      0.00000000      0.00000000      0.00000110      0.00227303
     44.70000067      0.00000000      0.00000000      0.00000108      0.00224222
     44.75000067      0.00000000      0.00000000      0.00000105      0.00221179
     44.80000067      0.00000000      0.00000000      0.00000102      0.00218172
     44.85000067      0.00000000      0.00000000      0.00000100      0.00215203
     44.90000067      0.00000000      0.00000000      0.00000097      0.00212270
     44.95000067      0.00000000      0.00000000      0.00000095      0.00209372
     45.00000067      0.00000000      0.00000000      0.00000093      0.00206511
     45.05000067      0.00000000      0.00000000      0.00000090      0.00203684
     45.10000067      0.00000000      0.00000000      0.00000088      0.00200893
     45.15000067      0.00000000      0.00000000      0.00000086      0.00198135
     45.20000067      0.00000000      0.00000000      0.00000084      0.00195412
     45.25000067      0.00000000      0.00000000      0.00000082      0.00192723
     45.30000068      0.00000000      0.00000000      0.00000080      0.00190067
     45.35000068      0.00000000      0.00000000      0.00000078      0.00187443
     45.40000068      0.00000000      0.00000000      0.00000076      0.00184853
     45.45000068      0.00000000      0.00000000      0.00000074      0.00182294
     45.50000068      0.00000000      0.00000000      0.00000072      0.00179768
     45.55000068      0.00000000      0.00000000      0.00000070      0.00177273
     45.60000068      0.00000000      0.00000000      0.00000069      0.00174809
     45.65000068      0.00000000      0.00000000      0.00000067      0.00172376
     45.70000068      0.00000000      0.00000000      0.00000065      0.00169974
     45.75000068      0.00000000      0.00000000      0.00000064      0.00167602
     45.80000068      0.00000000      0.00000000      0.00000062      0.00165259
     45.85000068      0.00000000      0.00000000      0.00000061      0.00162946
     45.90000068      0.00000000      0.00000000      0.00000059      0.00160663
     45.95000068      0.00000000      0.00000000      0.00000058      0.00158408
     46.00000069      0.00000000      0.00000000      0.00000056      0.00156181
     46.05000069      0.00000000      0.00000000      0.00000055      0.00153983
     46.10000069      0.00000000      0.00000000      0.00000054      0.00151813
     46.15000069      0.00000000      0.00000000      0.00000052      0.00149670
     46.20000069      0.00000000      0.00000000      0.00000051      0.00147554
     46.25000069      0.00000000      0.00000000      0.00000050      0.00145466
     46.30000069      0.00000000      0.00000000      0.00000048      0.00143404
     46.35000069      0.00000000      0.00000000      0.00000047      0.00141368
     46.40000069      0.00000000      0.00000000      0.00000046      0.00139358
     46.45000069      0.00000000      0.00000000      0.00000045      0.00137375
     46.50000069      0.00000000      0.00000000      0.00000044      0.00135416
     46.55000069      0.00000000      0.00000000      0.00000043      0.00133483
     46.60000069      0.00000000      0.00000000      0.00000042      0.00131574
     46.65000070      0.00000000      0.00000000      0.00000041      0.00129690
     46.70000070      0.00000000      0.00000000      0.00000040      0.00127831
     46.75000070      0.00000000      0.00000000      0.00000039      0.00125995
     46.80000070      0.00000000      0.00000000      0.00000038      0.00124183
     46.85000070      0.00000000      0.00000000      0.00000037      0.00122395
     46.90000070      0.00000000      0.00000000      0.00000036      0.00120629
     46.95000070      0.00000000      0.00000000      0.00000035      0.00118887
     47.00000070      0.00000000      0.00000000      0.00000034      0.00117167
     47.05000070      0.00000000      0.00000000      0.00000033      0.00115470
     47.10000070      0.00000000      0.00000000      0.00000032      0.00113794
     47.15000070      0.00000000      0.00000000      0.00000032      0.00112141
     47.20000070      0.00000000      0.00000000      0.00000031      0.00110509
     47.25000070      0.00000000      0.00000000      0.00000030      0.00108899
     47.30000070      0.00000000      0.00000000      0.00000029      0.00107309
     47.35000071      0.00000000      0.00000000      0.00000029      0.00105741
     47.40000071      0.00000000      0.00000000      0.00000028      0.00104193
     47.45000071      0.00000000      0.00000000      0.00000027      0.00102665
     47.50000071      0.00000000      0.00000000      0.00000026      0.00101157
     47.55000071      0.00000000      0.00000000      0.00000026      0.00099670
     47.60000071      0.00000000      0.00000000      0.00000025      0.00098201
     47.65000071      0.00000000      0.00000000      0.00000024      0.00096753
     47.70000071      0.00000000      0.00000000      0.00000024      0.00095323
     47.75000071      0.00000000      0.00000000      0.00000023      0.00093913
     47.80000071      0.00000000      0.00000000      0.00000023      0.00092521
     47.85000071      0.00000000      0.00000000      0.00000022      0.00091147
     47.90000071      0.00000000      0.00000000      0.00000022      0.00089792
     47.95000071      0.00000000      0.00000000      0.00000021      0.00088455
     48.00000072      0.00000000      0.00000000      0.00000020      0.00087135
     48.05000072      0.00000000      0.00000000      0.00000020      0.00085834
     48.10000072      0.00000000      0.00000000      0.00000019      0.00084549
     48.15000072      0.00000000      0.00000000      0.00000019      0.00083282
     48.20000072      0.00000000      0.00000000      0.00000019      0.00082032
     48.25000072      0.00000000      0.00000000      0.00000018      0.00080798
     48.30000072      0.00000000      0.00000000      0.00000018      0.00079581
     48.35000072      0.00000000      0.00000000      0.00000017      0.00078381
     48.40000072      0.00000000      0.00000000      0.00000017      0.00077196
     48.45000072      0.00000000      0.00000000      0.00000016      0.00076028
     48.50000072      0.00000000      0.00000000      0.00000016      0.00074875
     48.55000072      0.00000000      0.00000000      0.00000015      0.00073738
     48.60000072      0.00000000      0.00000000      0.00000015      0.00072616
     48.65000072      0.00000000      0.00000000      0.00000015      0.00071509
     48.70000073      0.00000000      0.00000000      0.00000014      0.00070417
     48.75000073      0.00000000      0.00000000      0.00000014      0.00069340
     48.80000073      0.00000000      0.00000000      0.00000014      0.00068278
     48.85000073      0.00000000      0.00000000      0.00000013      0.00067230
     48.90000073      0.00000000      0.00000000      0.00000013      0.00066197
     48.95000073      0.00000000      0.00000000      0.00000013      0.00065177
     49.00000073      0.00000000      0.00000000      0.00000012      0.00064172
     49.05000073      0.00000000      0.00000000      0.00000012      0.00063180
     49.10000073      0.00000000      0.00000000      0.00000012      0.00062202
     49.15000073      0.00000000      0.00000000      0.00000011      0.00061237
     49.20000073      0.00000000      0.00000000      0.00000011      0.00060285
     49.25000073      0.00000000      0.00000000      0.00000011      0.00059346
     49.30000073      0.00000000      0.00000000      0.00000011      0.00058421
     49.35000074      0.00000000      0.00000000      0.00000010      0.00057508
     49.40000074      0.00000000      0.00000000      0.00000010      0.00056607
     49.45000074      0.00000000      0.00000000      0.00000010      0.00055719
     49.50000074      0.00000000      0.00000000      0.00000010      0.00054844
     49.55000074      0.00000000      0.00000000      0.00000009      0.00053980
     49.60000074      0.00000000      0.00000000      0.00000009      0.00053128
     49.65000074      0.00000000      0.00000000      0.00000009      0.00052288
     49.70000074      0.00000000      0.00000000      0.00000009      0.00051460
     49.75000074      0.00000000      0.00000000      0.00000008      0.00050643
     49.80000074      0.00000000      0.00000000      0.00000008      0.00049838
     49.85000074      0.00000000      0.00000000      0.00000008      0.00049043
     49.90000074      0.00000000      0.00000000      0.00000008      0.00048260
     49.95000074      0.00000000      0.00000000      0.00000008      0.00047488
     50.00000075      0.00000000      0.00000000      0.00000007      0.00046726
     50.05000075      0.00000000      0.00000000      0.00000007      0.00045976
     50.10000075      0.00000000      0.00000000      0.00000007      0.00045235
     50.15000075      0.00000000      0.00000000      0.00000007      0.00044505
     50.20000075      0.00000000      0.00000000      0.00000007      0.00043786
     50.25000075      0.00000000      0.00000000      0.00000006      0.00043076
     50.30000075      0.00000000      0.00000000      0.00000006      0.00042376
     50.35000075      0.00000000      0.00000000      0.00000006      0.00041686
     50.40000075      0.00000000      0.00000000      0.00000006      0.00041006
     50.45000075      0.00000000      0.00000000      0.00000006      0.00040336
     50.50000075      0.00000000      0.00000000      0.00000006      0.00039675
     50.55000075      0.00000000      0.00000000      0.00000006      0.00039023
     50.60000075      0.00000000      0.00000000      0.00000005      0.00038381
     50.65000075      0.00000000      0.00000000      0.00000005      0.00037747
     50.70000076      0.00000000      0.00000000      0.00000005      0.00037123
     50.75000076      0.00000000      0.00000000      0.00000005      0.00036507
     50.80000076      0.00000000      0.00000000      0.00000005      0.00035900
     50.85000076      0.00000000      0.00000000      0.00000005      0.00035302
     50.90000076      0.00000000      0.00000000      0.00000005      0.00034713
     50.95000076      0.00000000      0.00000000      0.00000004      0.00034131
     51.00000076      0.00000000      0.00000000      0.00000004      0.00033559
     51.05000076      0.00000000      0.00000000      0.00000004      0.00032994
     51.10000076      0.00000000      0.00000000      0.00000004      0.00032437
     51.15000076      0.00000000      0.00000000      0.00000004      0.00031889
     51.20000076      0.00000000      0.00000000      0.00000004      0.00031348
     51.25000076      0.00000000      0.00000000      0.00000004      0.00030815
     51.30000076      0.00000000      0.00000000      0.00000004      0.00030289
     51.35000077      0.00000000      0.00000000      0.00000004      0.00029772
     51.40000077      0.00000000      0.00000000      0.00000004      0.00029261
     51.45000077      0.00000000      0.00000000      0.00000003      0.00028758
     51.50000077      0.00000000      0.00000000      0.00000003      0.00028263
     51.55000077      0.00000000      0.00000000      0.00000003      0.00027774
     51.60000077      0.00000000      0.00000000      0.00000003      0.00027293
     51.65000077      0.00000000      0.00000000      0.00000003      0.00026819
     51.70000077      0.00000000      0.00000000      0.00000003      0.00026351
     51.75000077      0.00000000      0.00000000      0.00000003      0.00025890
     51.80000077      0.00000000      0.00000000      0.00000003      0.00025436
     51.85000077      0.00000000      0.00000000      0.00000003      0.00024989
     51.90000077      0.00000000      0.00000000      0.00000003      0.00024548
     51.95000077      0.00000000      0.00000000      0.00000003      0.00024114
     52.00000077      0.00000000      0.00000000      0.00000003      0.00023686
     52.05000078      0.00000000      0.00000000      0.00000003      0.00023264
     52.10000078      0.00000000      0.00000000      0.00000002      0.00022848
     52.15000078      0.00000000      0.00000000      0.00000002      0.00022439
     52.20000078      0.00000000      0.00000000      0.00000002      0.00022035
     52.25000078      0.00000000      0.00000000      0.00000002      0.00021638
     52.30000078      0.00000000      0.00000000      0.00000002      0.00021246
     52.35000078      0.00000000      0.00000000      0.00000002      0.00020861
     52.40000078      0.00000000      0.00000000      0.00000002      0.00020480
     52.45000078      0.00000000      0.00000000      0.00000002      0.00020106
     52.50000078      0.00000000      0.00000000      0.00000002      0.00019737
     52.55000078      0.00000000      0.00000000      0.00000002      0.00019374
     52.60000078      0.00000000      0.00000000      0.00000002      0.00019016
     52.65000078      0.00000000      0.00000000      0.00000002      0.00018663
     52.70000079      0.00000000      0.00000000      0.00000002      0.00018316
     52.75000079      0.00000000      0.00000000      0.00000002      0.00017973
     52.80000079      0.00000000      0.00000000      0.00000002      0.00017636
     52.85000079      0.00000000      0.00000000      0.00000002      0.00017304
     52.90000079      0.00000000      0.00000000      0.00000002      0.00016977
     52.95000079      0.00000000      0.00000000      0.00000002      0.00016655
     53.00000079      0.00000000      0.00000000      0.00000001      0.00016338
     53.05000079      0.00000000      0.00000000      0.00000001      0.00016025
     53.10000079      0.00000000      0.00000000      0.00000001      0.00015718
     53.15000079      0.00000000      0.00000000      0.00000001      0.00015415
     53.20000079      0.00000000      0.00000000      0.00000001      0.00015116
     53.25000079      0.00000000      0.00000000      0.00000001      0.00014822
     53.30000079      0.00000000      0.00000000      0.00000001      0.00014533
     53.35000079      0.00000000      0.00000000      0.00000001      0.00014248
     53.40000080      0.00000000      0.00000000      0.00000001      0.00013967
     53.45000080      0.00000000      0.00000000      0.00000001      0.00013691
     53.50000080      0.00000000      0.00000000      0.00000001      0.00013418
     53.55000080      0.00000000      0.00000000      0.00000001      0.00013151
     53.60000080      0.00000000      0.00000000      0.00000001      0.00012887
     53.65000080      0.00000000      0.00000000      0.00000001      0.00012627
     53.70000080      0.00000000      0.00000000      0.00000001      0.00012371
     53.75000080      0.00000000      0.00000000      0.00000001      0.00012119
     53.80000080      0.00000000      0.00000000      0.00000001      0.00011872
     53.85000080      0.00000000      0.00000000      0.00000001      0.00011627
     53.90000080      0.00000000      0.00000000      0.00000001      0.00011387
     53.95000080      0.00000000      0.00000000      0.00000001      0.00011151
     54.00000080      0.00000000      0.00000000      0.00000001      0.00010918
     54.05000081      0.00000000      0.00000000      0.00000001      0.00010689
     54.10000081      0.00000000      0.00000000      0.00000001      0.00010463
     54.15000081      0.00000000      0.00000000      0.00000001      0.00010242
     54.20000081      0.00000000      0.00000000      0.00000001      0.00010023
     54.25000081      0.00000000      0.00000000      0.00000001      0.00009808
     54.30000081      0.00000000      0.00000000      0.00000001      0.00009597
     54.35000081      0.00000000      0.00000000      0.00000001      0.00009388
     54.40000081      0.00000000      0.00000000      0.00000001      0.00009183
     54.45000081      0.00000000      0.00000000      0.00000001      0.00008982
     54.50000081      0.00000000      0.00000000      0.00000001      0.00008784
     54.55000081      0.00000000      0.00000000      0.00000001      0.00008588
     54.60000081      0.00000000      0.00000000      0.00000001      0.00008396
     54.65000081      0.00000000      0.00000000      0.00000001      0.00008207
     54.70000082      0.00000000      0.00000000      0.00000001      0.00008022
     54.75000082      0.00000000      0.00000000      0.00000001      0.00007839
     54.80000082      0.00000000      0.00000000      0.00000001      0.00007659
     54.85000082      0.00000000      0.00000000      0.00000001      0.00007482
     54.90000082      0.00000000      0.00000000      0.00000001      0.00007308
     54.95000082      0.00000000      0.00000000      0.00000000      0.00007137
     55.00000082      0.00000000      0.00000000      0.00000000      0.00006969
     55.05000082      0.00000000      0.00000000      0.00000000      0.00006803
     55.10000082      0.00000000      0.00000000      0.00000000      0.00006641
     55.15000082      0.00000000      0.00000000      0.00000000      0.00006481
     55.20000082      0.00000000      0.00000000      0.00000000      0.00006323
     55.25000082      0.00000000      0.00000000      0.00000000      0.00006169
     55.30000082      0.00000000      0.00000000      0.00000000      0.00006016
     55.35000082      0.00000000      0.00000000      0.00000000      0.00005867
     55.40000083      0.00000000      0.00000000      0.00000000      0.00005720
     55.45000083      0.00000000      0.00000000      0.00000000      0.00005576
     55.50000083      0.00000000      0.00000000      0.00000000      0.00005434
     55.55000083      0.00000000      0.00000000      0.00000000      0.00005294
     55.60000083      0.00000000      0.00000000      0.00000000      0.00005157
     55.65000083      0.00000000      0.00000000      0.00000000      0.00005023
     55.70000083      0.00000000      0.00000000      0.00000000      0.00004890
     55.75000083      0.00000000      0.00000000      0.00000000      0.00004760
     55.80000083      0.00000000      0.00000000      0.00000000      0.00004633
     55.85000083      0.00000000      0.00000000      0.00000000      0.00004507
     55.90000083      0.00000000      0.00000000      0.00000000      0.00004384
     55.95000083      0.00000000      0.00000000      0.00000000      0.00004263
     56.00000083      0.00000000      0.00000000      0.00000000      0.00004144
     56.05000084      0.00000000      0.00000000      0.00000000      0.00004028
     56.10000084      0.00000000      0.00000000      0.00000000      0.00003913
     56.15000084      0.00000000      0.00000000      0.00000000      0.00003801
     56.20000084      0.00000000      0.00000000      0.00000000      0.00003690
     56.25000084      0.00000000      0.00000000      0.00000000      0.00003582
     56.30000084      0.00000000      0.00000000      0.00000000      0.00003476
     56.35000084      0.00000000      0.00000000      0.00000000      0.00003372
     56.40000084      0.00000000      0.00000000      0.00000000      0.00003269
     56.45000084      0.00000000      0.00000000      0.00000000      0.00003169
     56.50000084      0.00000000      0.00000000      0.00000000      0.00003071
     56.55000084      0.00000000      0.00000000      0.00000000      0.00002974
     56.60000084      0.00000000      0.00000000      0.00000000      0.00002880
     56.65000084      0.00000000      0.00000000      0.00000000      0.00002787
     56.70000084      0.00000000      0.00000000      0.00000000      0.00002696
     56.75000085      0.00000000      0.00000000      0.00000000      0.00002607
     56.80000085      0.00000000      0.00000000      0.00000000      0.00002520
     56.85000085      0.00000000      0.00000000      0.00000000      0.00002434
     56.90000085      0.00000000      0.00000000      0.00000000      0.00002351
     56.95000085      0.00000000      0.00000000      0.00000000      0.00002269
     57.00000085      0.00000000      0.00000000      0.00000000      0.00002188
     57.05000085      0.00000000      0.00000000      0.00000000      0.00002110
     57.10000085      0.00000000      0.00000000      0.00000000      0.00002033
     57.15000085      0.00000000      0.00000000      0.00000000      0.00001958
     57.20000085      0.00000000      0.00000000      0.00000000      0.00001884
     57.25000085      0.00000000      0.00000000      0.00000000      0.00001813
     57.30000085      0.00000000      0.00000000      0.00000000      0.00001742
     57.35000085      0.00000000      0.00000000      0.00000000      0.00001674
     57.40000086      0.00000000      0.00000000      0.00000000      0.00001606
     57.45000086      0.00000000      0.00000000      0.00000000      0.00001541
     57.50000086      0.00000000      0.00000000      0.00000000      0.00001477
     57.55000086      0.00000000      0.00000000      0.00000000      0.00001414
     57.60000086      0.00000000      0.00000000      0.00000000      0.00001353
     57.65000086      0.00000000      0.00000000      0.00000000      0.00001294
     57.70000086      0.00000000      0.00000000      0.00000000      0.00001236
     57.75000086      0.00000000      0.00000000      0.00000000      0.00001180
     57.80000086      0.00000000      0.00000000      0.00000000      0.00001125
     57.85000086      0.00000000      0.00000000      0.00000000      0.00001071
     57.90000086      0.00000000      0.00000000      0.00000000      0.00001019
     57.95000086      0.00000000      0.00000000      0.00000000      0.00000968
     58.00000086      0.00000000      0.00000000      0.00000000      0.00000919
     58.05000087      0.00000000      0.00000000      0.00000000      0.00000871
     58.10000087      0.00000000      0.00000000      0.00000000      0.00000824
     58.15000087      0.00000000      0.00000000      0.00000000      0.00000779
     58.20000087      0.00000000      0.00000000      0.00000000      0.00000736
     58.25000087      0.00000000      0.00000000      0.00000000      0.00000693
     58.30000087      0.00000000      0.00000000      0.00000000      0.00000652
     58.35000087      0.00000000      0.00000000      0.00000000      0.00000612
     58.40000087      0.00000000      0.00000000      0.00000000      0.00000574
     58.45000087      0.00000000      0.00000000      0.00000000      0.00000537
     58.50000087      0.00000000      0.00000000      0.00000000      0.00000501
     58.55000087      0.00000000      0.00000000      0.00000000      0.00000466
     58.60000087      0.00000000      0.00000000      0.00000000      0.00000433
     58.65000087      0.00000000      0.00000000      0.00000000      0.00000401
     58.70000087      0.00000000      0.00000000      0.00000000      0.00000371
     58.75000088      0.00000000      0.00000000      0.00000000      0.00000341
     58.80000088      0.00000000      0.00000000      0.00000000      0.00000313
     58.85000088      0.00000000      0.00000000      0.00000000      0.00000286
     58.90000088      0.00000000      0.00000000      0.00000000      0.00000261
     58.95000088      0.00000000      0.00000000      0.00000000      0.00000236
     59.00000088      0.00000000      0.00000000      0.00000000      0.00000213
     59.05000088      0.00000000      0.00000000      0.00000000      0.00000191
     59.10000088      0.00000000      0.00000000      0.00000000      0.00000170
     59.15000088      0.00000000      0.00000000      0.00000000      0.00000151
     59.20000088      0.00000000      0.00000000      0.00000000      0.00000132
     59.25000088      0.00000000      0.00000000      0.00000000      0.00000115
     59.30000088      0.00000000      0.00000000      0.00000000      0.00000099
     59.35000088      0.00000000      0.00000000      0.00000000      0.00000085
     59.40000089      0.00000000      0.00000000      0.00000000      0.00000071
     59.45000089      0.00000000      0.00000000      0.00000000      0.00000059
     59.50000089      0.00000000      0.00000000      0.00000000      0.00000047
     59.55000089      0.00000000      0.00000000      0.00000000      0.00000038
     59.60000089      0.00000000      0.00000000      0.00000000      0.00000029
     59.65000089      0.00000000      0.00000000      0.00000000      0.00000021
     59.70000089      0.00000000      0.00000000      0.00000000      0.00000015
     59.75000089      0.00000000      0.00000000      0.00000000      0.00000009
     59.80000089      0.00000000      0.00000000      0.00000000      0.00000005
     59.85000089      0.00000000      0.00000000      0.00000000      0.00000002
     59.90000089      0.00000000      0.00000000      0.00000000      0.00000001
     59.95000089      0.00000000      0.00000000      0.00000000      0.00000000
