 1      0.14454706      0.66367712      0.18895290      0.00210510
 2      0.11833690      0.06685545      0.53604905      0.27627705
 3      0.09776389      0.00029810      0.13981694      0.48074312
 4      0.08144045      0.00819063      0.01517422      0.13464316
 5      0.06836038      0.01881331      0.00003172      0.01621424
 6      0.05778389      0.02386010      0.00452618      0.00001579
 7      0.04916017      0.02475194      0.00894827      0.00301804
 8      0.04207424      0.02344032      0.01091943      0.00657484
 9      0.03621058      0.02118632      0.01114796      0.00823205
10      0.03132482      0.01867254      0.01046473      0.00847846
11      0.02722965      0.01623432      0.00940281      0.00798063
12      0.02377693      0.01401568      0.00824989      0.00717138
13      0.02085004      0.01206332      0.00714555      0.00628483
14      0.01835627      0.01037660      0.00614850      0.00543410
15      0.01622135      0.00893400      0.00527606      0.00466651
16      0.01438540      0.00770655      0.00452573      0.00399598
17      0.01279982      0.00666438      0.00388644      0.00342051
18      0.01142497      0.00577969      0.00334432      0.00293133
19      0.01022831      0.00502788      0.00288544      0.00251746
20      0.00918297      0.00438778      0.00249698      0.00216792
21      0.00826669      0.00384148      0.00216772      0.00187268
22      0.00746093      0.00337396      0.00188807      0.00162297
23      0.00675015      0.00297267      0.00164994      0.00141130
24      0.00612132      0.00262718      0.00144659      0.00123141
25      0.00556341      0.00232879      0.00127240      0.00107806
26      0.00506711      0.00207030      0.00112273      0.00094694
27      0.00462443      0.00184566      0.00099369      0.00083445
28      0.00422865      0.00164986      0.00088210      0.00073762
29      0.00387396      0.00147868      0.00078529      0.00065401
30      0.00355537      0.00132860      0.00070105      0.00058158
31      0.00326858      0.00119665      0.00062751      0.00051863
32      0.00300989      0.00108032      0.00056313      0.00046375
33      0.00277607      0.00097748      0.00050660      0.00041576
34      0.00256433      0.00088634      0.00045683      0.00037368
35      0.00237222      0.00080537      0.00041289      0.00033667
36      0.00219761      0.00073326      0.00037400      0.00030402
37      0.00203863      0.00066889      0.00033949      0.00027516
38      0.00189365      0.00061131      0.00030879      0.00024958
39      0.00176123      0.00055968      0.00028142      0.00022684
40      0.00164007      0.00051329      0.00025696      0.00020658
41      0.00152907      0.00047153      0.00023505      0.00018849
42      0.00142722      0.00043386      0.00021539      0.00017230
43      0.00133364      0.00039982      0.00019770      0.00015779
44      0.00124754      0.00036900      0.00018176      0.00014474
45      0.00116821      0.00034104      0.00016737      0.00013299
46      0.00109504      0.00031564      0.00015435      0.00012239
47      0.00102746      0.00029253      0.00014256      0.00011281
48      0.00096497      0.00027147      0.00013185      0.00010413
49      0.00090711      0.00025223      0.00012211      0.00009626
50      0.00085349      0.00023465      0.00011324      0.00008910
51      0.00080374      0.00021855      0.00010515      0.00008259
52      0.00075753      0.00020379      0.00009776      0.00007665
53      0.00071457      0.00019024      0.00009100      0.00007123
54      0.00067458      0.00017778      0.00008480      0.00006628
55      0.00063733      0.00016631      0.00007912      0.00006174
56      0.00060259      0.00015573      0.00007389      0.00005757
57      0.00057017      0.00014598      0.00006909      0.00005375
58      0.00053987      0.00013696      0.00006466      0.00005023
59      0.00051155      0.00012862      0.00006058      0.00004700
60      0.00048504      0.00012090      0.00005681      0.00004401
61      0.00046022      0.00011374      0.00005332      0.00004126
62      0.00043694      0.00010710      0.00005010      0.00003871
63      0.00041511      0.00010093      0.00004711      0.00003636
64      0.00039462      0.00009519      0.00004434      0.00003418
65      0.00037536      0.00008984      0.00004176      0.00003216
66      0.00035725      0.00008487      0.00003937      0.00003028
67      0.00034021      0.00008023      0.00003715      0.00002854
68      0.00032417      0.00007589      0.00003507      0.00002692
69      0.00030905      0.00007185      0.00003314      0.00002541
70      0.00029480      0.00006806      0.00003134      0.00002400
71      0.00028135      0.00006452      0.00002966      0.00002269
72      0.00026865      0.00006120      0.00002808      0.00002146
73      0.00025666      0.00005809      0.00002661      0.00002032
74      0.00024532      0.00005518      0.00002523      0.00001925
75      0.00023459      0.00005244      0.00002394      0.00001825
76      0.00022444      0.00004987      0.00002273      0.00001731
77      0.00021483      0.00004745      0.00002160      0.00001643
78      0.00020572      0.00004517      0.00002053      0.00001561
79      0.00019709      0.00004303      0.00001953      0.00001483
80      0.00018890      0.00004101      0.00001859      0.00001411
81      0.00018113      0.00003911      0.00001770      0.00001342
82      0.00017375      0.00003732      0.00001686      0.00001278
83      0.00016674      0.00003562      0.00001608      0.00001217
84      0.00016007      0.00003402      0.00001534      0.00001160
85      0.00015373      0.00003251      0.00001463      0.00001107
86      0.00014770      0.00003108      0.00001397      0.00001056
87      0.00014196      0.00002973      0.00001335      0.00001008
88      0.00013650      0.00002845      0.00001276      0.00000963
89      0.00013129      0.00002723      0.00001220      0.00000920
90      0.00012633      0.00002608      0.00001167      0.00000879
91      0.00012159      0.00002499      0.00001117      0.00000841
92      0.00011708      0.00002395      0.00001069      0.00000805
93      0.00011277      0.00002297      0.00001024      0.00000770
94      0.00010865      0.00002204      0.00000982      0.00000738
95      0.00010472      0.00002115      0.00000941      0.00000707
96      0.00010096      0.00002031      0.00000903      0.00000678
97      0.00009737      0.00001951      0.00000866      0.00000650
98      0.00009394      0.00001874      0.00000831      0.00000623
99      0.00009065      0.00001802      0.00000798      0.00000598
**      0.00008751      0.00001732      0.00000767      0.00000575
**      0.00008450      0.00001666      0.00000737      0.00000552
**      0.00008161      0.00001603      0.00000709      0.00000530
**      0.00007885      0.00001543      0.00000681      0.00000510
**      0.00007620      0.00001486      0.00000656      0.00000490
**      0.00007367      0.00001432      0.00000631      0.00000471
**      0.00007123      0.00001379      0.00000607      0.00000454
**      0.00006889      0.00001330      0.00000585      0.00000437
**      0.00006665      0.00001282      0.00000563      0.00000420
**      0.00006450      0.00001236      0.00000543      0.00000405
**      0.00006243      0.00001193      0.00000523      0.00000390
**      0.00006045      0.00001151      0.00000505      0.00000376
**      0.00005854      0.00001111      0.00000487      0.00000363
**      0.00005671      0.00001073      0.00000470      0.00000350
**      0.00005494      0.00001036      0.00000453      0.00000337
**      0.00005325      0.00001001      0.00000438      0.00000326
**      0.00005162      0.00000968      0.00000423      0.00000314
**      0.00005005      0.00000935      0.00000408      0.00000303
**      0.00004853      0.00000904      0.00000395      0.00000293
**      0.00004708      0.00000875      0.00000381      0.00000283
**      0.00004568      0.00000846      0.00000369      0.00000274
**      0.00004433      0.00000819      0.00000356      0.00000265
**      0.00004302      0.00000793      0.00000345      0.00000256
**      0.00004177      0.00000767      0.00000334      0.00000247
**      0.00004056      0.00000743      0.00000323      0.00000239
**      0.00003939      0.00000720      0.00000313      0.00000232
**      0.00003827      0.00000698      0.00000303      0.00000224
**      0.00003718      0.00000676      0.00000293      0.00000217
**      0.00003613      0.00000655      0.00000284      0.00000210
**      0.00003512      0.00000635      0.00000275      0.00000204
**      0.00003415      0.00000616      0.00000267      0.00000197
**      0.00003320      0.00000598      0.00000258      0.00000191
**      0.00003229      0.00000580      0.00000251      0.00000185
**      0.00003141      0.00000563      0.00000243      0.00000180
**      0.00003056      0.00000546      0.00000236      0.00000174
**      0.00002974      0.00000530      0.00000229      0.00000169
**      0.00002894      0.00000515      0.00000222      0.00000164
**      0.00002817      0.00000500      0.00000216      0.00000159
**      0.00002743      0.00000486      0.00000209      0.00000154
**      0.00002671      0.00000472      0.00000203      0.00000150
**      0.00002601      0.00000458      0.00000197      0.00000145
**      0.00002533      0.00000446      0.00000192      0.00000141
**      0.00002468      0.00000433      0.00000186      0.00000137
**      0.00002405      0.00000421      0.00000181      0.00000133
**      0.00002344      0.00000410      0.00000176      0.00000130
**      0.00002284      0.00000398      0.00000171      0.00000126
**      0.00002227      0.00000388      0.00000166      0.00000122
**      0.00002171      0.00000377      0.00000162      0.00000119
**      0.00002117      0.00000367      0.00000157      0.00000116
**      0.00002065      0.00000357      0.00000153      0.00000113
**      0.00002014      0.00000348      0.00000149      0.00000110
**      0.00001965      0.00000339      0.00000145      0.00000107
**      0.00001917      0.00000330      0.00000141      0.00000104
**      0.00001871      0.00000321      0.00000137      0.00000101
**      0.00001826      0.00000313      0.00000134      0.00000098
**      0.00001782      0.00000305      0.00000130      0.00000096
**      0.00001740      0.00000297      0.00000127      0.00000093
**      0.00001699      0.00000290      0.00000124      0.00000091
**      0.00001659      0.00000282      0.00000120      0.00000088
**      0.00001620      0.00000275      0.00000117      0.00000086
**      0.00001582      0.00000268      0.00000114      0.00000084
**      0.00001546      0.00000262      0.00000112      0.00000082
**      0.00001510      0.00000255      0.00000109      0.00000080
**      0.00001476      0.00000249      0.00000106      0.00000078
**      0.00001442      0.00000243      0.00000103      0.00000076
**      0.00001409      0.00000237      0.00000101      0.00000074
**      0.00001378      0.00000231      0.00000098      0.00000072
**      0.00001347      0.00000226      0.00000096      0.00000070
**      0.00001317      0.00000220      0.00000094      0.00000069
**      0.00001288      0.00000215      0.00000091      0.00000067
**      0.00001259      0.00000210      0.00000089      0.00000065
**      0.00001232      0.00000205      0.00000087      0.00000064
**      0.00001205      0.00000200      0.00000085      0.00000062
**      0.00001178      0.00000196      0.00000083      0.00000061
**      0.00001153      0.00000191      0.00000081      0.00000059
**      0.00001128      0.00000187      0.00000079      0.00000058
**      0.00001104      0.00000182      0.00000077      0.00000057
**      0.00001081      0.00000178      0.00000076      0.00000055
**      0.00001058      0.00000174      0.00000074      0.00000054
**      0.00001035      0.00000170      0.00000072      0.00000053
**      0.00001014      0.00000167      0.00000071      0.00000052
**      0.00000993      0.00000163      0.00000069      0.00000050
**      0.00000972      0.00000159      0.00000067      0.00000049
**      0.00000952      0.00000156      0.00000066      0.00000048
**      0.00000932      0.00000152      0.00000064      0.00000047
**      0.00000913      0.00000149      0.00000063      0.00000046
**      0.00000894      0.00000146      0.00000062      0.00000045
**      0.00000876      0.00000143      0.00000060      0.00000044
**      0.00000859      0.00000140      0.00000059      0.00000043
**      0.00000841      0.00000137      0.00000058      0.00000042
**      0.00000825      0.00000134      0.00000056      0.00000041
**      0.00000808      0.00000131      0.00000055      0.00000040
**      0.00000792      0.00000128      0.00000054      0.00000039
**      0.00000776      0.00000125      0.00000053      0.00000039
**      0.00000761      0.00000123      0.00000052      0.00000038
**      0.00000746      0.00000120      0.00000051      0.00000037
**      0.00000732      0.00000118      0.00000050      0.00000036
**      0.00000718      0.00000115      0.00000049      0.00000035
**      0.00000704      0.00000113      0.00000048      0.00000035
**      0.00000690      0.00000111      0.00000047      0.00000034
**      0.00000677      0.00000108      0.00000046      0.00000033
**      0.00000664      0.00000106      0.00000045      0.00000033
**      0.00000651      0.00000104      0.00000044      0.00000032
**      0.00000639      0.00000102      0.00000043      0.00000031
**      0.00000627      0.00000100      0.00000042      0.00000031
**      0.00000615      0.00000098      0.00000041      0.00000030
**      0.00000604      0.00000096      0.00000040      0.00000029
**      0.00000593      0.00000094      0.00000040      0.00000029
**      0.00000582      0.00000092      0.00000039      0.00000028
**      0.00000571      0.00000091      0.00000038      0.00000028
**      0.00000560      0.00000089      0.00000037      0.00000027
**      0.00000550      0.00000087      0.00000037      0.00000027
**      0.00000540      0.00000085      0.00000036      0.00000026
**      0.00000530      0.00000084      0.00000035      0.00000026
**      0.00000521      0.00000082      0.00000034      0.00000025
**      0.00000511      0.00000081      0.00000034      0.00000025
**      0.00000502      0.00000079      0.00000033      0.00000024
**      0.00000493      0.00000078      0.00000032      0.00000024
**      0.00000490      0.00000078      0.00000033      0.00000024
**      0.00000476      0.00000075      0.00000031      0.00000023
**      0.00000468      0.00000073      0.00000031      0.00000022
**      0.00000459      0.00000072      0.00000030      0.00000022
**      0.00000451      0.00000071      0.00000030      0.00000021
**      0.00000443      0.00000069      0.00000029      0.00000021
**      0.00000436      0.00000068      0.00000028      0.00000021
**      0.00000428      0.00000067      0.00000028      0.00000020
**      0.00000421      0.00000066      0.00000027      0.00000020
**      0.00000414      0.00000064      0.00000027      0.00000020
**      0.00000406      0.00000063      0.00000026      0.00000019
**      0.00000400      0.00000062      0.00000026      0.00000019
**      0.00000393      0.00000061      0.00000025      0.00000018
**      0.00000386      0.00000060      0.00000025      0.00000018
**      0.00000380      0.00000059      0.00000025      0.00000018
**      0.00000373      0.00000058      0.00000024      0.00000017
**      0.00000367      0.00000057      0.00000024      0.00000017
**      0.00000361      0.00000056      0.00000023      0.00000017
**      0.00000355      0.00000055      0.00000023      0.00000017
**      0.00000349      0.00000054      0.00000022      0.00000016
**      0.00000343      0.00000053      0.00000022      0.00000016
**      0.00000338      0.00000052      0.00000022      0.00000016
**      0.00000332      0.00000051      0.00000021      0.00000015
**      0.00000327      0.00000050      0.00000021      0.00000015
**      0.00000321      0.00000049      0.00000021      0.00000015
**      0.00000316      0.00000049      0.00000020      0.00000015
**      0.00000311      0.00000048      0.00000020      0.00000014
**      0.00000306      0.00000047      0.00000020      0.00000014
**      0.00000301      0.00000046      0.00000019      0.00000014
**      0.00000296      0.00000045      0.00000019      0.00000014
**      0.00000291      0.00000045      0.00000019      0.00000013
**      0.00000287      0.00000044      0.00000018      0.00000013
**      0.00000282      0.00000043      0.00000018      0.00000013
**      0.00000278      0.00000042      0.00000018      0.00000013
**      0.00000273      0.00000042      0.00000017      0.00000013
**      0.00000269      0.00000041      0.00000017      0.00000012
**      0.00000265      0.00000040      0.00000017      0.00000012
**      0.00000261      0.00000040      0.00000016      0.00000012
**      0.00000257      0.00000039      0.00000016      0.00000012
**      0.00000253      0.00000038      0.00000016      0.00000012
**      0.00000249      0.00000038      0.00000016      0.00000011
**      0.00000245      0.00000037      0.00000015      0.00000011
**      0.00000241      0.00000037      0.00000015      0.00000011
**      0.00000237      0.00000036      0.00000015      0.00000011
**      0.00000234      0.00000035      0.00000015      0.00000011
**      0.00000230      0.00000035      0.00000014      0.00000010
**      0.00000227      0.00000034      0.00000014      0.00000010
**      0.00000223      0.00000034      0.00000014      0.00000010
**      0.00000220      0.00000033      0.00000014      0.00000010
**      0.00000216      0.00000033      0.00000014      0.00000010
**      0.00000213      0.00000032      0.00000013      0.00000010
**      0.00000210      0.00000032      0.00000013      0.00000009
**      0.00000207      0.00000031      0.00000013      0.00000009
**      0.00000204      0.00000031      0.00000013      0.00000009
**      0.00000201      0.00000030      0.00000012      0.00000009
**      0.00000198      0.00000030      0.00000012      0.00000009
**      0.00000195      0.00000029      0.00000012      0.00000009
**      0.00000192      0.00000029      0.00000012      0.00000009
**      0.00000189      0.00000028      0.00000012      0.00000008
**      0.00000186      0.00000028      0.00000012      0.00000008
**      0.00000183      0.00000027      0.00000011      0.00000008
**      0.00000181      0.00000027      0.00000011      0.00000008
**      0.00000178      0.00000027      0.00000011      0.00000008
**      0.00000175      0.00000026      0.00000011      0.00000008
**      0.00000173      0.00000026      0.00000011      0.00000008
**      0.00000170      0.00000025      0.00000011      0.00000008
**      0.00000168      0.00000025      0.00000010      0.00000007
**      0.00000165      0.00000025      0.00000010      0.00000007
**      0.00000163      0.00000024      0.00000010      0.00000007
**      0.00000161      0.00000024      0.00000010      0.00000007
**      0.00000158      0.00000024      0.00000010      0.00000007
**      0.00000156      0.00000023      0.00000010      0.00000007
**      0.00000154      0.00000023      0.00000009      0.00000007
**      0.00000151      0.00000022      0.00000009      0.00000007
**      0.00000149      0.00000022      0.00000009      0.00000007
**      0.00000147      0.00000022      0.00000009      0.00000006
**      0.00000145      0.00000021      0.00000009      0.00000006
**      0.00000143      0.00000021      0.00000009      0.00000006
**      0.00000141      0.00000021      0.00000009      0.00000006
**      0.00000139      0.00000020      0.00000008      0.00000006
**      0.00000137      0.00000020      0.00000008      0.00000006
**      0.00000134      0.00000020      0.00000008      0.00000006
**      0.00000133      0.00000020      0.00000008      0.00000006
