      0.00000000      0.00000000      0.00000000      0.00000000      0.00000000
      0.05000000      0.06132894      0.00778669      0.00344764      0.00261435
      0.10000000      0.12063559      0.01527713      0.00676009      0.00512435
      0.15000000      0.17684385      0.02229817      0.00985697      0.00746738
      0.20000000      0.22927183      0.02873117      0.01268257      0.00959978
      0.25000000      0.27748852      0.03449472      0.01519831      0.01149114
      0.30000000      0.32124412      0.03953621      0.01737902      0.01312158
      0.35000001      0.36042555      0.04382628      0.01921057      0.01447990
      0.40000001      0.39502460      0.04735478      0.02068803      0.01556225
      0.45000001      0.42511369      0.05012737      0.02181414      0.01637091
      0.50000001      0.45082677      0.05216275      0.02259811      0.01691334
      0.55000001      0.47234390      0.05349029      0.02305442      0.01720130
      0.60000001      0.48987880      0.05414791      0.02320186      0.01725008
      0.65000001      0.50366866      0.05418030      0.02306266      0.01707774
      0.70000001      0.51396580      0.05363726      0.02266172      0.01670456
      0.75000001      0.52103096      0.05257234      0.02202585      0.01615239
      0.80000001      0.52512775      0.05104160      0.02118320      0.01544420
      0.85000001      0.52651832      0.04910254      0.02016270      0.01460357
      0.90000001      0.52545986      0.04681318      0.01899357      0.01365434
      0.95000001      0.52220190      0.04423125      0.01770490      0.01262021
      1.00000001      0.51698423      0.04141354      0.01632526      0.01152444
      1.05000002      0.51003539      0.03841529      0.01488243      0.01038959
      1.10000002      0.50157157      0.03528976      0.01340312      0.00923731
      1.15000002      0.49179594      0.03208780      0.01191272      0.00808809
      1.20000002      0.48089825      0.02885756      0.01043516      0.00696116
      1.25000002      0.46905467      0.02564423      0.00899273      0.00587433
      1.30000002      0.45642790      0.02248990      0.00760600      0.00484392
      1.35000002      0.44316738      0.01943338      0.00629373      0.00388466
      1.40000002      0.42940962      0.01651017      0.00507280      0.00300966
      1.45000002      0.41527873      0.01375239      0.00395823      0.00223038
      1.50000002      0.40088690      0.01118882      0.00296311      0.00155661
      1.55000002      0.38633501      0.00884488      0.00209866      0.00099652
      1.60000002      0.37171323      0.00674274      0.00137425      0.00055664
      1.65000002      0.35710171      0.00490141      0.00079741      0.00024195
      1.70000003      0.34257119      0.00333677      0.00037396      0.00005587
      1.75000003      0.32818369      0.00206179      0.00010799      0.00000039
      1.80000003      0.31399312      0.00108658      0.00000202      0.00007608
      1.85000003      0.30004593      0.00041859      0.00005702      0.00028221
      1.90000003      0.28638170      0.00006271      0.00027251      0.00061681
      1.95000003      0.27303378      0.00002148      0.00064670      0.00107677
      2.00000003      0.26002976      0.00029520      0.00117652      0.00165793
      2.05000003      0.24739208      0.00088212      0.00185779      0.00235517
      2.10000003      0.23513848      0.00177858      0.00268525      0.00316250
      2.15000003      0.22328251      0.00297919      0.00365270      0.00407315
      2.20000003      0.21183393      0.00447699      0.00475311      0.00507971
      2.25000003      0.20079916      0.00626356      0.00597868      0.00617414
      2.30000003      0.19018163      0.00832924      0.00732097      0.00734795
      2.35000004      0.17998215      0.01066322      0.00877100      0.00859224
      2.40000004      0.17019921      0.01325368      0.01031929      0.00989778
      2.45000004      0.16082933      0.01608798      0.01195600      0.01125514
      2.50000004      0.15186728      0.01915273      0.01367100      0.01265472
      2.55000004      0.14330634      0.02243394      0.01545395      0.01408686
      2.60000004      0.13513854      0.02591711      0.01729438      0.01554189
      2.65000004      0.12735488      0.02958739      0.01918173      0.01701023
      2.70000004      0.11994546      0.03342962      0.02110548      0.01848241
      2.75000004      0.11289969      0.03742847      0.02305517      0.01994917
      2.80000004      0.10620645      0.04156852      0.02502045      0.02140150
      2.85000004      0.09985418      0.04583432      0.02699119      0.02283068
      2.90000004      0.09383101      0.05021050      0.02895746      0.02422835
      2.95000004      0.08812490      0.05468180      0.03090963      0.02558650
      3.00000004      0.08272369      0.05923318      0.03283839      0.02689759
      3.05000005      0.07761521      0.06384983      0.03473479      0.02815450
      3.10000005      0.07278731      0.06851726      0.03659026      0.02935061
      3.15000005      0.06822798      0.07322132      0.03839668      0.03047980
      3.20000005      0.06392534      0.07794828      0.04014635      0.03153647
      3.25000005      0.05986774      0.08268479      0.04183204      0.03251556
      3.30000005      0.05604376      0.08741800      0.04344703      0.03341258
      3.35000005      0.05244223      0.09213553      0.04498507      0.03422358
      3.40000005      0.04905232      0.09682552      0.04644045      0.03494517
      3.45000005      0.04586348      0.10147662      0.04780796      0.03557455
      3.50000005      0.04286552      0.10607804      0.04908292      0.03610944
      3.55000005      0.04004856      0.11061954      0.05026117      0.03654817
      3.60000005      0.03740311      0.11509144      0.05133910      0.03688957
      3.65000005      0.03492002      0.11948462      0.05231359      0.03713303
      3.70000006      0.03259049      0.12379055      0.05318205      0.03727847
      3.75000006      0.03040610      0.12800125      0.05394242      0.03732630
      3.80000006      0.02835878      0.13210932      0.05459312      0.03727744
      3.85000006      0.02644080      0.13610793      0.05513305      0.03713327
      3.90000006      0.02464479      0.13999078      0.05556162      0.03689564
      3.95000006      0.02296373      0.14375213      0.05587868      0.03656682
      4.00000006      0.02139093      0.14738680      0.05608453      0.03614947
      4.05000006      0.01992000      0.15089011      0.05617990      0.03564668
      4.10000006      0.01854491      0.15425790      0.05616595      0.03506184
      4.15000006      0.01725991      0.15748651      0.05604422      0.03439871
      4.20000006      0.01605954      0.16057277      0.05581662      0.03366135
      4.25000006      0.01493864      0.16351398      0.05548544      0.03285409
      4.30000006      0.01389233      0.16630789      0.05505328      0.03198151
      4.35000006      0.01291598      0.16895268      0.05452307      0.03104842
      4.40000007      0.01200523      0.17144697      0.05389804      0.03005983
      4.45000007      0.01115594      0.17378976      0.05318168      0.02902090
      4.50000007      0.01036423      0.17598045      0.05237773      0.02793695
      4.55000007      0.00962643      0.17801881      0.05149017      0.02681341
      4.60000007      0.00893907      0.17990493      0.05052319      0.02565580
      4.65000007      0.00829891      0.18163927      0.04948116      0.02446968
      4.70000007      0.00770287      0.18322257      0.04836862      0.02326069
      4.75000007      0.00714807      0.18465589      0.04719026      0.02203444
      4.80000007      0.00663181      0.18594053      0.04595090      0.02079656
      4.85000007      0.00615153      0.18707810      0.04465545      0.01955262
      4.90000007      0.00570486      0.18807041      0.04330894      0.01830817
      4.95000007      0.00528955      0.18891951      0.04191642      0.01706864
      5.00000007      0.00490349      0.18962766      0.04048304      0.01583939
      5.05000008      0.00454472      0.19019731      0.03901396      0.01462565
      5.10000008      0.00421139      0.19063110      0.03751434      0.01343254
      5.15000008      0.00390177      0.19093180      0.03598937      0.01226499
      5.20000008      0.00361424      0.19110236      0.03444421      0.01112780
      5.25000008      0.00334729      0.19114585      0.03288399      0.01002556
      5.30000008      0.00309950      0.19106544      0.03131378      0.00896269
      5.35000008      0.00286954      0.19086444      0.02973862      0.00794338
      5.40000008      0.00265619      0.19054622      0.02816344      0.00697161
      5.45000008      0.00245828      0.19011426      0.02659312      0.00605113
      5.50000008      0.00227473      0.18957207      0.02503242      0.00518546
      5.55000008      0.00210454      0.18892326      0.02348600      0.00437785
      5.60000008      0.00194677      0.18817144      0.02195842      0.00363134
      5.65000008      0.00180053      0.18732031      0.02045408      0.00294867
      5.70000008      0.00166502      0.18637354      0.01897727      0.00233234
      5.75000009      0.00153947      0.18533486      0.01753213      0.00178457
      5.80000009      0.00142317      0.18420798      0.01612265      0.00130733
      5.85000009      0.00131545      0.18299662      0.01475266      0.00090230
      5.90000009      0.00121571      0.18170450      0.01342584      0.00057091
      5.95000009      0.00112337      0.18033531      0.01214568      0.00031431
      6.00000009      0.00103789      0.17889274      0.01091552      0.00013337
      6.05000009      0.00095878      0.17738041      0.00973851      0.00002872
      6.10000009      0.00088558      0.17580195      0.00861763      0.00000070
      6.15000009      0.00081785      0.17416093      0.00755568      0.00004941
      6.20000009      0.00075520      0.17246088      0.00655526      0.00017470
      6.25000009      0.00069726      0.17070527      0.00561880      0.00037614
      6.30000009      0.00064368      0.16889752      0.00474855      0.00065310
      6.35000009      0.00059413      0.16704100      0.00394655      0.00100469
      6.40000010      0.00054833      0.16513902      0.00321468      0.00142978
      6.45000010      0.00050600      0.16319480      0.00255460      0.00192705
      6.50000010      0.00046688      0.16121153      0.00196783      0.00249494
      6.55000010      0.00043073      0.15919231      0.00145567      0.00313170
      6.60000010      0.00039732      0.15714015      0.00101924      0.00383538
      6.65000010      0.00036647      0.15505802      0.00065951      0.00460386
      6.70000010      0.00033797      0.15294880      0.00037724      0.00543481
      6.75000010      0.00031165      0.15081527      0.00017304      0.00632578
      6.80000010      0.00028735      0.14866017      0.00004732      0.00727413
      6.85000010      0.00026491      0.14648613      0.00000036      0.00827710
      6.90000010      0.00024420      0.14429572      0.00003225      0.00933177
      6.95000010      0.00022508      0.14209141      0.00014292      0.01043513
      7.00000010      0.00020744      0.13987560      0.00033215      0.01158404
      7.05000011      0.00019115      0.13765061      0.00059958      0.01277526
      7.10000011      0.00017613      0.13541867      0.00094469      0.01400547
      7.15000011      0.00016227      0.13318194      0.00136682      0.01527126
      7.20000011      0.00014949      0.13094249      0.00186518      0.01656918
      7.25000011      0.00013769      0.12870231      0.00243884      0.01789568
      7.30000011      0.00012682      0.12646332      0.00308674      0.01924721
      7.35000011      0.00011679      0.12422734      0.00380772      0.02062016
      7.40000011      0.00010755      0.12199613      0.00460048      0.02201091
      7.45000011      0.00009902      0.11977137      0.00546363      0.02341582
      7.50000011      0.00009117      0.11755466      0.00639566      0.02483124
      7.55000011      0.00008392      0.11534753      0.00739497      0.02625355
      7.60000011      0.00007725      0.11315143      0.00845987      0.02767914
      7.65000011      0.00007110      0.11096775      0.00958856      0.02910440
      7.70000011      0.00006543      0.10879778      0.01077918      0.03052580
      7.75000012      0.00006021      0.10664277      0.01202979      0.03193982
      7.80000012      0.00005540      0.10450389      0.01333838      0.03334301
      7.85000012      0.00005098      0.10238224      0.01470286      0.03473197
      7.90000012      0.00004690      0.10027887      0.01612109      0.03610340
      7.95000012      0.00004314      0.09819475      0.01759089      0.03745403
      8.00000012      0.00003968      0.09613080      0.01911001      0.03878072
      8.05000012      0.00003649      0.09408786      0.02067616      0.04008038
      8.10000012      0.00003356      0.09206674      0.02228701      0.04135006
      8.15000012      0.00003086      0.09006817      0.02394020      0.04258688
      8.20000012      0.00002838      0.08809284      0.02563335      0.04378809
      8.25000012      0.00002609      0.08614137      0.02736403      0.04495103
      8.30000012      0.00002399      0.08421434      0.02912982      0.04607319
      8.35000012      0.00002205      0.08231228      0.03092828      0.04715216
      8.40000013      0.00002027      0.08043568      0.03275693      0.04818567
      8.45000013      0.00001863      0.07858495      0.03461333      0.04917158
      8.50000013      0.00001712      0.07676049      0.03649500      0.05010788
      8.55000013      0.00001573      0.07496264      0.03839949      0.05099270
      8.60000013      0.00001446      0.07319170      0.04032434      0.05182430
      8.65000013      0.00001328      0.07144794      0.04226710      0.05260111
      8.70000013      0.00001220      0.06973158      0.04422535      0.05332166
      8.75000013      0.00001121      0.06804279      0.04619668      0.05398467
      8.80000013      0.00001030      0.06638174      0.04817869      0.05458898
      8.85000013      0.00000946      0.06474854      0.05016901      0.05513357
      8.90000013      0.00000869      0.06314327      0.05216532      0.05561758
      8.95000013      0.00000798      0.06156598      0.05416530      0.05604029
      9.00000013      0.00000733      0.06001669      0.05616667      0.05640113
      9.05000013      0.00000673      0.05849540      0.05816721      0.05669968
      9.10000014      0.00000618      0.05700208      0.06016471      0.05693564
      9.15000014      0.00000567      0.05553667      0.06215701      0.05710887
      9.20000014      0.00000521      0.05409908      0.06414200      0.05721938
      9.25000014      0.00000478      0.05268922      0.06611760      0.05726729
      9.30000014      0.00000439      0.05130694      0.06808181      0.05725287
      9.35000014      0.00000403      0.04995211      0.07003263      0.05717653
      9.40000014      0.00000370      0.04862455      0.07196816      0.05703880
      9.45000014      0.00000339      0.04732408      0.07388653      0.05684035
      9.50000014      0.00000311      0.04605050      0.07578591      0.05658195
      9.55000014      0.00000286      0.04480359      0.07766454      0.05626451
      9.60000014      0.00000262      0.04358312      0.07952073      0.05588905
      9.65000014      0.00000241      0.04238883      0.08135283      0.05545672
      9.70000014      0.00000221      0.04122047      0.08315924      0.05496874
      9.75000015      0.00000202      0.04007776      0.08493843      0.05442647
      9.80000015      0.00000186      0.03896041      0.08668895      0.05383135
      9.85000015      0.00000170      0.03786815      0.08840936      0.05318493
      9.90000015      0.00000156      0.03680065      0.09009834      0.05248884
      9.95000015      0.00000143      0.03575761      0.09175458      0.05174481
     10.00000015      0.00000131      0.03473870      0.09337686      0.05095463
     10.05000015      0.00000121      0.03374360      0.09496401      0.05012019
     10.10000015      0.00000111      0.03277198      0.09651492      0.04924343
     10.15000015      0.00000101      0.03182349      0.09802856      0.04832638
     10.20000015      0.00000093      0.03089779      0.09950394      0.04737111
     10.25000015      0.00000085      0.02999453      0.10094013      0.04637976
     10.30000015      0.00000078      0.02911336      0.10233627      0.04535452
     10.35000015      0.00000072      0.02825391      0.10369156      0.04429763
     10.40000015      0.00000066      0.02741584      0.10500526      0.04321136
     10.45000016      0.00000060      0.02659878      0.10627669      0.04209802
     10.50000016      0.00000055      0.02580236      0.10750521      0.04095997
     10.55000016      0.00000051      0.02502622      0.10869025      0.03979957
     10.60000016      0.00000046      0.02427000      0.10983132      0.03861922
     10.65000016      0.00000042      0.02353333      0.11092794      0.03742132
     10.70000016      0.00000039      0.02281585      0.11197973      0.03620831
     10.75000016      0.00000036      0.02211719      0.11298633      0.03498261
     10.80000016      0.00000033      0.02143699      0.11394745      0.03374665
     10.85000016      0.00000030      0.02077488      0.11486285      0.03250287
     10.90000016      0.00000027      0.02013050      0.11573234      0.03125369
     10.95000016      0.00000025      0.01950350      0.11655577      0.03000151
     11.00000016      0.00000023      0.01889351      0.11733307      0.02874875
     11.05000016      0.00000021      0.01830019      0.11806418      0.02749778
     11.10000017      0.00000019      0.01772318      0.11874911      0.02625095
     11.15000017      0.00000018      0.01716212      0.11938791      0.02501060
     11.20000017      0.00000016      0.01661668      0.11998067      0.02377901
     11.25000017      0.00000015      0.01608652      0.12052753      0.02255846
     11.30000017      0.00000014      0.01557128      0.12102866      0.02135117
     11.35000017      0.00000012      0.01507064      0.12148427      0.02015931
     11.40000017      0.00000011      0.01458426      0.12189464      0.01898503
     11.45000017      0.00000010      0.01411182      0.12226004      0.01783042
     11.50000017      0.00000010      0.01365299      0.12258081      0.01669751
     11.55000017      0.00000009      0.01320745      0.12285732      0.01558829
     11.60000017      0.00000008      0.01277488      0.12308997      0.01450469
     11.65000017      0.00000007      0.01235498      0.12327917      0.01344857
     11.70000017      0.00000007      0.01194744      0.12342541      0.01242175
     11.75000018      0.00000006      0.01155196      0.12352916      0.01142597
     11.80000018      0.00000006      0.01116823      0.12359094      0.01046290
     11.85000018      0.00000005      0.01079597      0.12361131      0.00953416
     11.90000018      0.00000005      0.01043489      0.12359084      0.00864130
     11.95000018      0.00000004      0.01008471      0.12353012      0.00778577
     12.00000018      0.00000004      0.00974514      0.12342976      0.00696899
     12.05000018      0.00000004      0.00941592      0.12329042      0.00619228
     12.10000018      0.00000003      0.00909678      0.12311275      0.00545689
     12.15000018      0.00000003      0.00878744      0.12289744      0.00476399
     12.20000018      0.00000003      0.00848767      0.12264517      0.00411469
     12.25000018      0.00000003      0.00819719      0.12235667      0.00351001
     12.30000018      0.00000002      0.00791576      0.12203267      0.00295090
     12.35000018      0.00000002      0.00764314      0.12167391      0.00243822
     12.40000018      0.00000002      0.00737910      0.12128115      0.00197276
     12.45000019      0.00000002      0.00712338      0.12085515      0.00155525
     12.50000019      0.00000002      0.00687578      0.12039670      0.00118630
     12.55000019      0.00000001      0.00663605      0.11990659      0.00086647
     12.60000019      0.00000001      0.00640399      0.11938562      0.00059625
     12.65000019      0.00000001      0.00617938      0.11883459      0.00037604
     12.70000019      0.00000001      0.00596200      0.11825432      0.00020615
     12.75000019      0.00000001      0.00575165      0.11764562      0.00008685
     12.80000019      0.00000001      0.00554814      0.11700931      0.00001829
     12.85000019      0.00000001      0.00535126      0.11634623      0.00000059
     12.90000019      0.00000001      0.00516082      0.11565720      0.00003376
     12.95000019      0.00000001      0.00497664      0.11494306      0.00011776
     13.00000019      0.00000001      0.00479854      0.11420463      0.00025248
     13.05000019      0.00000001      0.00462632      0.11344274      0.00043771
     13.10000020      0.00000001      0.00445983      0.11265823      0.00067322
     13.15000020      0.00000001      0.00429889      0.11185193      0.00095867
     13.20000020      0.00000000      0.00414333      0.11102466      0.00129367
     13.25000020      0.00000000      0.00399300      0.11017725      0.00167777
     13.30000020      0.00000000      0.00384773      0.10931052      0.00211046
     13.35000020      0.00000000      0.00370737      0.10842528      0.00259116
     13.40000020      0.00000000      0.00357177      0.10752234      0.00311923
     13.45000020      0.00000000      0.00344079      0.10660250      0.00369398
     13.50000020      0.00000000      0.00331429      0.10566658      0.00431466
     13.55000020      0.00000000      0.00319212      0.10471535      0.00498048
     13.60000020      0.00000000      0.00307415      0.10374960      0.00569058
     13.65000020      0.00000000      0.00296025      0.10277011      0.00644405
     13.70000020      0.00000000      0.00285029      0.10177764      0.00723996
     13.75000020      0.00000000      0.00274415      0.10077295      0.00807730
     13.80000021      0.00000000      0.00264171      0.09975680      0.00895504
     13.85000021      0.00000000      0.00254285      0.09872991      0.00987210
     13.90000021      0.00000000      0.00244745      0.09769302      0.01082736
     13.95000021      0.00000000      0.00235540      0.09664685      0.01181968
     14.00000021      0.00000000      0.00226660      0.09559210      0.01284785
     14.05000021      0.00000000      0.00218095      0.09452946      0.01391067
     14.10000021      0.00000000      0.00209833      0.09345963      0.01500688
     14.15000021      0.00000000      0.00201865      0.09238328      0.01613519
     14.20000021      0.00000000      0.00194182      0.09130106      0.01729432
     14.25000021      0.00000000      0.00186773      0.09021362      0.01848293
     14.30000021      0.00000000      0.00179631      0.08912160      0.01969966
     14.35000021      0.00000000      0.00172746      0.08802562      0.02094316
     14.40000021      0.00000000      0.00166109      0.08692629      0.02221203
     14.45000022      0.00000000      0.00159713      0.08582420      0.02350487
     14.50000022      0.00000000      0.00153549      0.08471994      0.02482027
     14.55000022      0.00000000      0.00147609      0.08361408      0.02615681
     14.60000022      0.00000000      0.00141887      0.08250717      0.02751304
     14.65000022      0.00000000      0.00136373      0.08139975      0.02888754
     14.70000022      0.00000000      0.00131063      0.08029236      0.03027884
     14.75000022      0.00000000      0.00125947      0.07918550      0.03168550
     14.80000022      0.00000000      0.00121021      0.07807969      0.03310608
     14.85000022      0.00000000      0.00116277      0.07697540      0.03453912
     14.90000022      0.00000000      0.00111709      0.07587311      0.03598317
     14.95000022      0.00000000      0.00107311      0.07477328      0.03743679
     15.00000022      0.00000000      0.00103077      0.07367636      0.03889854
     15.05000022      0.00000000      0.00099001      0.07258277      0.04036700
     15.10000023      0.00000000      0.00095078      0.07149295      0.04184074
     15.15000023      0.00000000      0.00091303      0.07040728      0.04331836
     15.20000023      0.00000000      0.00087670      0.06932617      0.04479846
     15.25000023      0.00000000      0.00084174      0.06825000      0.04627965
     15.30000023      0.00000000      0.00080811      0.06717912      0.04776057
     15.35000023      0.00000000      0.00077575      0.06611389      0.04923987
     15.40000023      0.00000000      0.00074462      0.06505465      0.05071621
     15.45000023      0.00000000      0.00071469      0.06400172      0.05218828
     15.50000023      0.00000000      0.00068589      0.06295542      0.05365480
     15.55000023      0.00000000      0.00065820      0.06191604      0.05511449
     15.60000023      0.00000000      0.00063158      0.06088388      0.05656609
     15.65000023      0.00000000      0.00060598      0.05985921      0.05800840
     15.70000023      0.00000000      0.00058137      0.05884228      0.05944021
     15.75000023      0.00000000      0.00055771      0.05783336      0.06086035
     15.80000024      0.00000000      0.00053497      0.05683268      0.06226767
     15.85000024      0.00000000      0.00051312      0.05584046      0.06366106
     15.90000024      0.00000000      0.00049211      0.05485693      0.06503942
     15.95000024      0.00000000      0.00047193      0.05388229      0.06640170
     16.00000024      0.00000000      0.00045254      0.05291672      0.06774686
     16.05000024      0.00000000      0.00043391      0.05196041      0.06907392
     16.10000024      0.00000000      0.00041601      0.05101354      0.07038189
     16.15000024      0.00000000      0.00039881      0.05007626      0.07166984
     16.20000024      0.00000000      0.00038230      0.04914872      0.07293688
     16.25000024      0.00000000      0.00036644      0.04823106      0.07418212
     16.30000024      0.00000000      0.00035121      0.04732342      0.07540473
     16.35000024      0.00000000      0.00033658      0.04642590      0.07660390
     16.40000024      0.00000000      0.00032254      0.04553863      0.07777886
     16.45000025      0.00000000      0.00030906      0.04466171      0.07892887
     16.50000025      0.00000000      0.00029612      0.04379522      0.08005324
     16.55000025      0.00000000      0.00028370      0.04293925      0.08115128
     16.60000025      0.00000000      0.00027177      0.04209388      0.08222236
     16.65000025      0.00000000      0.00026033      0.04125917      0.08326588
     16.70000025      0.00000000      0.00024935      0.04043517      0.08428128
     16.75000025      0.00000000      0.00023881      0.03962195      0.08526802
     16.80000025      0.00000000      0.00022870      0.03881954      0.08622560
     16.85000025      0.00000000      0.00021900      0.03802798      0.08715355
     16.90000025      0.00000000      0.00020970      0.03724729      0.08805145
     16.95000025      0.00000000      0.00020077      0.03647749      0.08891889
     17.00000025      0.00000000      0.00019221      0.03571860      0.08975551
     17.05000025      0.00000000      0.00018400      0.03497063      0.09056098
     17.10000025      0.00000000      0.00017613      0.03423357      0.09133500
     17.15000026      0.00000000      0.00016858      0.03350743      0.09207731
     17.20000026      0.00000000      0.00016134      0.03279218      0.09278766
     17.25000026      0.00000000      0.00015440      0.03208781      0.09346586
     17.30000026      0.00000000      0.00014775      0.03139429      0.09411174
     17.35000026      0.00000000      0.00014137      0.03071160      0.09472515
     17.40000026      0.00000000      0.00013526      0.03003971      0.09530599
     17.45000026      0.00000000      0.00012940      0.02937857      0.09585417
     17.50000026      0.00000000      0.00012379      0.02872814      0.09636964
     17.55000026      0.00000000      0.00011841      0.02808837      0.09685238
     17.60000026      0.00000000      0.00011325      0.02745921      0.09730239
     17.65000026      0.00000000      0.00010832      0.02684060      0.09771972
     17.70000026      0.00000000      0.00010359      0.02623247      0.09810441
     17.75000026      0.00000000      0.00009905      0.02563478      0.09845656
     17.80000027      0.00000000      0.00009471      0.02504743      0.09877628
     17.85000027      0.00000000      0.00009056      0.02447037      0.09906370
     17.90000027      0.00000000      0.00008657      0.02390351      0.09931898
     17.95000027      0.00000000      0.00008276      0.02334678      0.09954232
     18.00000027      0.00000000      0.00007911      0.02280010      0.09973392
     18.05000027      0.00000000      0.00007562      0.02226337      0.09989401
     18.10000027      0.00000000      0.00007227      0.02173652      0.10002284
     18.15000027      0.00000000      0.00006907      0.02121944      0.10012069
     18.20000027      0.00000000      0.00006600      0.02071205      0.10018784
     18.25000027      0.00000000      0.00006306      0.02021426      0.10022463
     18.30000027      0.00000000      0.00006026      0.01972595      0.10023136
     18.35000027      0.00000000      0.00005757      0.01924705      0.10020840
     18.40000027      0.00000000      0.00005500      0.01877744      0.10015612
     18.45000027      0.00000000      0.00005253      0.01831701      0.10007489
     18.50000028      0.00000000      0.00005018      0.01786568      0.09996511
     18.55000028      0.00000000      0.00004793      0.01742332      0.09982720
     18.60000028      0.00000000      0.00004577      0.01698984      0.09966160
     18.65000028      0.00000000      0.00004371      0.01656512      0.09946873
     18.70000028      0.00000000      0.00004174      0.01614906      0.09924907
     18.75000028      0.00000000      0.00003985      0.01574154      0.09900307
     18.80000028      0.00000000      0.00003805      0.01534245      0.09873121
     18.85000028      0.00000000      0.00003633      0.01495169      0.09843399
     18.90000028      0.00000000      0.00003468      0.01456913      0.09811191
     18.95000028      0.00000000      0.00003310      0.01419466      0.09776548
     19.00000028      0.00000000      0.00003159      0.01382817      0.09739520
     19.05000028      0.00000000      0.00003015      0.01346955      0.09700162
     19.10000028      0.00000000      0.00002878      0.01311867      0.09658527
     19.15000029      0.00000000      0.00002746      0.01277543      0.09614668
     19.20000029      0.00000000      0.00002620      0.01243971      0.09568640
     19.25000029      0.00000000      0.00002500      0.01211140      0.09520499
     19.30000029      0.00000000      0.00002385      0.01179037      0.09470300
     19.35000029      0.00000000      0.00002275      0.01147652      0.09418100
     19.40000029      0.00000000      0.00002171      0.01116973      0.09363954
     19.45000029      0.00000000      0.00002070      0.01086988      0.09307920
     19.50000029      0.00000000      0.00001975      0.01057687      0.09250054
     19.55000029      0.00000000      0.00001883      0.01029057      0.09190415
     19.60000029      0.00000000      0.00001796      0.01001087      0.09129058
     19.65000029      0.00000000      0.00001713      0.00973767      0.09066043
     19.70000029      0.00000000      0.00001633      0.00947084      0.09001425
     19.75000029      0.00000000      0.00001557      0.00921028      0.08935263
     19.80000030      0.00000000      0.00001484      0.00895588      0.08867613
     19.85000030      0.00000000      0.00001415      0.00870752      0.08798534
     19.90000030      0.00000000      0.00001349      0.00846509      0.08728081
     19.95000030      0.00000000      0.00001286      0.00822849      0.08656312
     20.00000030      0.00000000      0.00001225      0.00799762      0.08583284
     20.05000030      0.00000000      0.00001168      0.00777235      0.08509053
     20.10000030      0.00000000      0.00001113      0.00755259      0.08433674
     20.15000030      0.00000000      0.00001060      0.00733823      0.08357203
     20.20000030      0.00000000      0.00001010      0.00712916      0.08279695
     20.25000030      0.00000000      0.00000963      0.00692529      0.08201204
     20.30000030      0.00000000      0.00000917      0.00672651      0.08121786
     20.35000030      0.00000000      0.00000874      0.00653271      0.08041493
     20.40000030      0.00000000      0.00000832      0.00634381      0.07960379
     20.45000030      0.00000000      0.00000793      0.00615970      0.07878495
     20.50000031      0.00000000      0.00000755      0.00598028      0.07795894
     20.55000031      0.00000000      0.00000719      0.00580546      0.07712627
     20.60000031      0.00000000      0.00000685      0.00563514      0.07628745
     20.65000031      0.00000000      0.00000652      0.00546922      0.07544296
     20.70000031      0.00000000      0.00000621      0.00530762      0.07459331
     20.75000031      0.00000000      0.00000591      0.00515024      0.07373897
     20.80000031      0.00000000      0.00000563      0.00499699      0.07288042
     20.85000031      0.00000000      0.00000536      0.00484779      0.07201813
     20.90000031      0.00000000      0.00000510      0.00470254      0.07115255
     20.95000031      0.00000000      0.00000485      0.00456115      0.07028415
     21.00000031      0.00000000      0.00000462      0.00442355      0.06941335
     21.05000031      0.00000000      0.00000440      0.00428965      0.06854059
     21.10000031      0.00000000      0.00000418      0.00415936      0.06766631
     21.15000032      0.00000000      0.00000398      0.00403260      0.06679091
     21.20000032      0.00000000      0.00000379      0.00390929      0.06591480
     21.25000032      0.00000000      0.00000360      0.00378936      0.06503839
     21.30000032      0.00000000      0.00000343      0.00367273      0.06416206
     21.35000032      0.00000000      0.00000326      0.00355931      0.06328618
     21.40000032      0.00000000      0.00000310      0.00344904      0.06241115
     21.45000032      0.00000000      0.00000295      0.00334183      0.06153730
     21.50000032      0.00000000      0.00000281      0.00323763      0.06066501
     21.55000032      0.00000000      0.00000267      0.00313634      0.05979460
     21.60000032      0.00000000      0.00000254      0.00303792      0.05892642
     21.65000032      0.00000000      0.00000241      0.00294228      0.05806078
     21.70000032      0.00000000      0.00000230      0.00284935      0.05719801
     21.75000032      0.00000000      0.00000218      0.00275909      0.05633840
     21.80000032      0.00000000      0.00000207      0.00267140      0.05548227
     21.85000033      0.00000000      0.00000197      0.00258624      0.05462988
     21.90000033      0.00000000      0.00000188      0.00250354      0.05378152
     21.95000033      0.00000000      0.00000178      0.00242324      0.05293745
     22.00000033      0.00000000      0.00000169      0.00234528      0.05209795
     22.05000033      0.00000000      0.00000161      0.00226959      0.05126325
     22.10000033      0.00000000      0.00000153      0.00219613      0.05043359
     22.15000033      0.00000000      0.00000145      0.00212483      0.04960921
     22.20000033      0.00000000      0.00000138      0.00205564      0.04879033
     22.25000033      0.00000000      0.00000131      0.00198850      0.04797717
     22.30000033      0.00000000      0.00000125      0.00192336      0.04716992
     22.35000033      0.00000000      0.00000118      0.00186017      0.04636879
     22.40000033      0.00000000      0.00000113      0.00179888      0.04557396
     22.45000033      0.00000000      0.00000107      0.00173943      0.04478561
     22.50000034      0.00000000      0.00000102      0.00168178      0.04400392
     22.55000034      0.00000000      0.00000096      0.00162588      0.04322903
     22.60000034      0.00000000      0.00000092      0.00157168      0.04246112
     22.65000034      0.00000000      0.00000087      0.00151914      0.04170031
     22.70000034      0.00000000      0.00000083      0.00146821      0.04094676
     22.75000034      0.00000000      0.00000078      0.00141885      0.04020059
     22.80000034      0.00000000      0.00000074      0.00137101      0.03946192
     22.85000034      0.00000000      0.00000071      0.00132466      0.03873087
     22.90000034      0.00000000      0.00000067      0.00127975      0.03800755
     22.95000034      0.00000000      0.00000064      0.00123624      0.03729205
     23.00000034      0.00000000      0.00000060      0.00119409      0.03658447
     23.05000034      0.00000000      0.00000057      0.00115327      0.03588490
     23.10000034      0.00000000      0.00000054      0.00111374      0.03519340
     23.15000034      0.00000000      0.00000052      0.00107545      0.03451007
     23.20000035      0.00000000      0.00000049      0.00103838      0.03383495
     23.25000035      0.00000000      0.00000047      0.00100250      0.03316812
     23.30000035      0.00000000      0.00000044      0.00096776      0.03250961
     23.35000035      0.00000000      0.00000042      0.00093413      0.03185949
     23.40000035      0.00000000      0.00000040      0.00090158      0.03121778
     23.45000035      0.00000000      0.00000038      0.00087009      0.03058454
     23.50000035      0.00000000      0.00000036      0.00083961      0.02995977
     23.55000035      0.00000000      0.00000034      0.00081013      0.02934351
     23.60000035      0.00000000      0.00000032      0.00078160      0.02873578
     23.65000035      0.00000000      0.00000030      0.00075401      0.02813659
     23.70000035      0.00000000      0.00000029      0.00072733      0.02754594
     23.75000035      0.00000000      0.00000027      0.00070152      0.02696384
     23.80000035      0.00000000      0.00000026      0.00067656      0.02639029
     23.85000036      0.00000000      0.00000025      0.00065243      0.02582528
     23.90000036      0.00000000      0.00000023      0.00062910      0.02526880
     23.95000036      0.00000000      0.00000022      0.00060654      0.02472083
     24.00000036      0.00000000      0.00000021      0.00058474      0.02418135
     24.05000036      0.00000000      0.00000020      0.00056367      0.02365035
     24.10000036      0.00000000      0.00000019      0.00054331      0.02312779
     24.15000036      0.00000000      0.00000018      0.00052364      0.02261364
     24.20000036      0.00000000      0.00000017      0.00050463      0.02210786
     24.25000036      0.00000000      0.00000016      0.00048626      0.02161042
     24.30000036      0.00000000      0.00000015      0.00046852      0.02112128
     24.35000036      0.00000000      0.00000014      0.00045139      0.02064038
     24.40000036      0.00000000      0.00000014      0.00043484      0.02016769
     24.45000036      0.00000000      0.00000013      0.00041886      0.01970315
     24.50000037      0.00000000      0.00000012      0.00040342      0.01924670
     24.55000037      0.00000000      0.00000012      0.00038852      0.01879829
     24.60000037      0.00000000      0.00000011      0.00037414      0.01835786
     24.65000037      0.00000000      0.00000010      0.00036026      0.01792534
     24.70000037      0.00000000      0.00000010      0.00034685      0.01750068
     24.75000037      0.00000000      0.00000009      0.00033392      0.01708381
     24.80000037      0.00000000      0.00000009      0.00032144      0.01667465
     24.85000037      0.00000000      0.00000008      0.00030940      0.01627314
     24.90000037      0.00000000      0.00000008      0.00029778      0.01587920
     24.95000037      0.00000000      0.00000007      0.00028657      0.01549276
     25.00000037      0.00000000      0.00000007      0.00027576      0.01511375
     25.05000037      0.00000000      0.00000007      0.00026533      0.01474208
     25.10000037      0.00000000      0.00000006      0.00025527      0.01437768
     25.15000037      0.00000000      0.00000006      0.00024557      0.01402046
     25.20000038      0.00000000      0.00000006      0.00023622      0.01367035
     25.25000038      0.00000000      0.00000005      0.00022720      0.01332727
     25.30000038      0.00000000      0.00000005      0.00021851      0.01299112
     25.35000038      0.00000000      0.00000005      0.00021013      0.01266182
     25.40000038      0.00000000      0.00000005      0.00020206      0.01233930
     25.45000038      0.00000000      0.00000004      0.00019427      0.01202345
     25.50000038      0.00000000      0.00000004      0.00018677      0.01171420
     25.55000038      0.00000000      0.00000004      0.00017955      0.01141146
     25.60000038      0.00000000      0.00000004      0.00017258      0.01111513
     25.65000038      0.00000000      0.00000003      0.00016588      0.01082514
     25.70000038      0.00000000      0.00000003      0.00015941      0.01054138
     25.75000038      0.00000000      0.00000003      0.00015319      0.01026377
     25.80000038      0.00000000      0.00000003      0.00014720      0.00999223
     25.85000039      0.00000000      0.00000003      0.00014143      0.00972665
     25.90000039      0.00000000      0.00000003      0.00013587      0.00946696
     25.95000039      0.00000000      0.00000002      0.00013052      0.00921306
     26.00000039      0.00000000      0.00000002      0.00012536      0.00896485
     26.05000039      0.00000000      0.00000002      0.00012041      0.00872226
     26.10000039      0.00000000      0.00000002      0.00011563      0.00848519
     26.15000039      0.00000000      0.00000002      0.00011104      0.00825354
     26.20000039      0.00000000      0.00000002      0.00010662      0.00802724
     26.25000039      0.00000000      0.00000002      0.00010236      0.00780619
     26.30000039      0.00000000      0.00000002      0.00009827      0.00759030
     26.35000039      0.00000000      0.00000002      0.00009433      0.00737948
     26.40000039      0.00000000      0.00000001      0.00009055      0.00717366
     26.45000039      0.00000000      0.00000001      0.00008690      0.00697272
     26.50000039      0.00000000      0.00000001      0.00008340      0.00677660
     26.55000040      0.00000000      0.00000001      0.00008003      0.00658521
     26.60000040      0.00000000      0.00000001      0.00007679      0.00639845
     26.65000040      0.00000000      0.00000001      0.00007367      0.00621624
     26.70000040      0.00000000      0.00000001      0.00007068      0.00603850
     26.75000040      0.00000000      0.00000001      0.00006780      0.00586514
     26.80000040      0.00000000      0.00000001      0.00006503      0.00569608
     26.85000040      0.00000000      0.00000001      0.00006237      0.00553124
     26.90000040      0.00000000      0.00000001      0.00005981      0.00537053
     26.95000040      0.00000000      0.00000001      0.00005735      0.00521388
     27.00000040      0.00000000      0.00000001      0.00005499      0.00506120
     27.05000040      0.00000000      0.00000001      0.00005272      0.00491242
     27.10000040      0.00000000      0.00000001      0.00005054      0.00476744
     27.15000040      0.00000000      0.00000001      0.00004845      0.00462621
     27.20000041      0.00000000      0.00000001      0.00004644      0.00448864
     27.25000041      0.00000000      0.00000001      0.00004451      0.00435465
     27.30000041      0.00000000      0.00000001      0.00004265      0.00422416
     27.35000041      0.00000000      0.00000001      0.00004087      0.00409712
     27.40000041      0.00000000      0.00000000      0.00003916      0.00397343
     27.45000041      0.00000000      0.00000000      0.00003752      0.00385303
     27.50000041      0.00000000      0.00000000      0.00003595      0.00373585
     27.55000041      0.00000000      0.00000000      0.00003443      0.00362182
     27.60000041      0.00000000      0.00000000      0.00003298      0.00351087
     27.65000041      0.00000000      0.00000000      0.00003159      0.00340292
     27.70000041      0.00000000      0.00000000      0.00003025      0.00329792
     27.75000041      0.00000000      0.00000000      0.00002897      0.00319579
     27.80000041      0.00000000      0.00000000      0.00002774      0.00309647
     27.85000041      0.00000000      0.00000000      0.00002655      0.00299990
     27.90000042      0.00000000      0.00000000      0.00002542      0.00290601
     27.95000042      0.00000000      0.00000000      0.00002433      0.00281474
     28.00000042      0.00000000      0.00000000      0.00002329      0.00272603
     28.05000042      0.00000000      0.00000000      0.00002229      0.00263982
     28.10000042      0.00000000      0.00000000      0.00002133      0.00255605
     28.15000042      0.00000000      0.00000000      0.00002042      0.00247466
     28.20000042      0.00000000      0.00000000      0.00001953      0.00239559
     28.25000042      0.00000000      0.00000000      0.00001869      0.00231879
     28.30000042      0.00000000      0.00000000      0.00001788      0.00224420
     28.35000042      0.00000000      0.00000000      0.00001710      0.00217177
     28.40000042      0.00000000      0.00000000      0.00001636      0.00210144
     28.45000042      0.00000000      0.00000000      0.00001565      0.00203316
     28.50000042      0.00000000      0.00000000      0.00001496      0.00196689
     28.55000043      0.00000000      0.00000000      0.00001431      0.00190256
     28.60000043      0.00000000      0.00000000      0.00001368      0.00184014
     28.65000043      0.00000000      0.00000000      0.00001308      0.00177956
     28.70000043      0.00000000      0.00000000      0.00001251      0.00172079
     28.75000043      0.00000000      0.00000000      0.00001196      0.00166378
     28.80000043      0.00000000      0.00000000      0.00001143      0.00160849
     28.85000043      0.00000000      0.00000000      0.00001092      0.00155486
     28.90000043      0.00000000      0.00000000      0.00001044      0.00150285
     28.95000043      0.00000000      0.00000000      0.00000998      0.00145243
     29.00000043      0.00000000      0.00000000      0.00000953      0.00140354
     29.05000043      0.00000000      0.00000000      0.00000911      0.00135616
     29.10000043      0.00000000      0.00000000      0.00000870      0.00131023
     29.15000043      0.00000000      0.00000000      0.00000831      0.00126572
     29.20000044      0.00000000      0.00000000      0.00000794      0.00122259
     29.25000044      0.00000000      0.00000000      0.00000758      0.00118080
     29.30000044      0.00000000      0.00000000      0.00000724      0.00114032
     29.35000044      0.00000000      0.00000000      0.00000692      0.00110110
     29.40000044      0.00000000      0.00000000      0.00000661      0.00106312
     29.45000044      0.00000000      0.00000000      0.00000631      0.00102634
     29.50000044      0.00000000      0.00000000      0.00000602      0.00099073
     29.55000044      0.00000000      0.00000000      0.00000575      0.00095625
     29.60000044      0.00000000      0.00000000      0.00000549      0.00092288
     29.65000044      0.00000000      0.00000000      0.00000524      0.00089057
     29.70000044      0.00000000      0.00000000      0.00000500      0.00085930
     29.75000044      0.00000000      0.00000000      0.00000477      0.00082904
     29.80000044      0.00000000      0.00000000      0.00000455      0.00079977
     29.85000044      0.00000000      0.00000000      0.00000434      0.00077144
     29.90000045      0.00000000      0.00000000      0.00000414      0.00074404
     29.95000045      0.00000000      0.00000000      0.00000395      0.00071754
     30.00000045      0.00000000      0.00000000      0.00000377      0.00069191
     30.05000045      0.00000000      0.00000000      0.00000360      0.00066712
     30.10000045      0.00000000      0.00000000      0.00000343      0.00064316
     30.15000045      0.00000000      0.00000000      0.00000327      0.00061999
     30.20000045      0.00000000      0.00000000      0.00000312      0.00059759
     30.25000045      0.00000000      0.00000000      0.00000298      0.00057594
     30.30000045      0.00000000      0.00000000      0.00000284      0.00055502
     30.35000045      0.00000000      0.00000000      0.00000270      0.00053480
     30.40000045      0.00000000      0.00000000      0.00000258      0.00051527
     30.45000045      0.00000000      0.00000000      0.00000246      0.00049639
     30.50000045      0.00000000      0.00000000      0.00000234      0.00047816
     30.55000046      0.00000000      0.00000000      0.00000223      0.00046055
     30.60000046      0.00000000      0.00000000      0.00000213      0.00044354
     30.65000046      0.00000000      0.00000000      0.00000203      0.00042712
     30.70000046      0.00000000      0.00000000      0.00000193      0.00041126
     30.75000046      0.00000000      0.00000000      0.00000184      0.00039596
     30.80000046      0.00000000      0.00000000      0.00000175      0.00038118
     30.85000046      0.00000000      0.00000000      0.00000167      0.00036691
     30.90000046      0.00000000      0.00000000      0.00000159      0.00035314
     30.95000046      0.00000000      0.00000000      0.00000152      0.00033986
     31.00000046      0.00000000      0.00000000      0.00000144      0.00032704
     31.05000046      0.00000000      0.00000000      0.00000137      0.00031467
     31.10000046      0.00000000      0.00000000      0.00000131      0.00030274
     31.15000046      0.00000000      0.00000000      0.00000125      0.00029123
     31.20000046      0.00000000      0.00000000      0.00000119      0.00028013
     31.25000047      0.00000000      0.00000000      0.00000113      0.00026943
     31.30000047      0.00000000      0.00000000      0.00000107      0.00025911
     31.35000047      0.00000000      0.00000000      0.00000102      0.00024916
     31.40000047      0.00000000      0.00000000      0.00000097      0.00023956
     31.45000047      0.00000000      0.00000000      0.00000093      0.00023032
     31.50000047      0.00000000      0.00000000      0.00000088      0.00022141
     31.55000047      0.00000000      0.00000000      0.00000084      0.00021282
     31.60000047      0.00000000      0.00000000      0.00000080      0.00020454
     31.65000047      0.00000000      0.00000000      0.00000076      0.00019657
     31.70000047      0.00000000      0.00000000      0.00000072      0.00018888
     31.75000047      0.00000000      0.00000000      0.00000069      0.00018148
     31.80000047      0.00000000      0.00000000      0.00000065      0.00017436
     31.85000047      0.00000000      0.00000000      0.00000062      0.00016749
     31.90000048      0.00000000      0.00000000      0.00000059      0.00016088
     31.95000048      0.00000000      0.00000000      0.00000056      0.00015452
     32.00000048      0.00000000      0.00000000      0.00000053      0.00014839
     32.05000048      0.00000000      0.00000000      0.00000051      0.00014249
     32.10000048      0.00000000      0.00000000      0.00000048      0.00013681
     32.15000048      0.00000000      0.00000000      0.00000046      0.00013134
     32.20000048      0.00000000      0.00000000      0.00000044      0.00012609
     32.25000048      0.00000000      0.00000000      0.00000041      0.00012102
     32.30000048      0.00000000      0.00000000      0.00000039      0.00011616
     32.35000048      0.00000000      0.00000000      0.00000037      0.00011147
     32.40000048      0.00000000      0.00000000      0.00000036      0.00010697
     32.45000048      0.00000000      0.00000000      0.00000034      0.00010263
     32.50000048      0.00000000      0.00000000      0.00000032      0.00009846
     32.55000049      0.00000000      0.00000000      0.00000031      0.00009446
     32.60000049      0.00000000      0.00000000      0.00000029      0.00009060
     32.65000049      0.00000000      0.00000000      0.00000028      0.00008690
     32.70000049      0.00000000      0.00000000      0.00000026      0.00008333
     32.75000049      0.00000000      0.00000000      0.00000025      0.00007991
     32.80000049      0.00000000      0.00000000      0.00000024      0.00007662
     32.85000049      0.00000000      0.00000000      0.00000022      0.00007346
     32.90000049      0.00000000      0.00000000      0.00000021      0.00007042
     32.95000049      0.00000000      0.00000000      0.00000020      0.00006750
     33.00000049      0.00000000      0.00000000      0.00000019      0.00006470
     33.05000049      0.00000000      0.00000000      0.00000018      0.00006200
     33.10000049      0.00000000      0.00000000      0.00000017      0.00005941
     33.15000049      0.00000000      0.00000000      0.00000016      0.00005693
     33.20000049      0.00000000      0.00000000      0.00000016      0.00005454
     33.25000050      0.00000000      0.00000000      0.00000015      0.00005225
     33.30000050      0.00000000      0.00000000      0.00000014      0.00005005
     33.35000050      0.00000000      0.00000000      0.00000013      0.00004794
     33.40000050      0.00000000      0.00000000      0.00000013      0.00004591
     33.45000050      0.00000000      0.00000000      0.00000012      0.00004396
     33.50000050      0.00000000      0.00000000      0.00000011      0.00004210
     33.55000050      0.00000000      0.00000000      0.00000011      0.00004030
     33.60000050      0.00000000      0.00000000      0.00000010      0.00003858
     33.65000050      0.00000000      0.00000000      0.00000010      0.00003693
     33.70000050      0.00000000      0.00000000      0.00000009      0.00003535
     33.75000050      0.00000000      0.00000000      0.00000009      0.00003383
     33.80000050      0.00000000      0.00000000      0.00000008      0.00003238
     33.85000050      0.00000000      0.00000000      0.00000008      0.00003098
     33.90000051      0.00000000      0.00000000      0.00000007      0.00002964
     33.95000051      0.00000000      0.00000000      0.00000007      0.00002836
     34.00000051      0.00000000      0.00000000      0.00000007      0.00002713
     34.05000051      0.00000000      0.00000000      0.00000006      0.00002595
     34.10000051      0.00000000      0.00000000      0.00000006      0.00002482
     34.15000051      0.00000000      0.00000000      0.00000006      0.00002373
     34.20000051      0.00000000      0.00000000      0.00000005      0.00002270
     34.25000051      0.00000000      0.00000000      0.00000005      0.00002170
     34.30000051      0.00000000      0.00000000      0.00000005      0.00002075
     34.35000051      0.00000000      0.00000000      0.00000005      0.00001983
     34.40000051      0.00000000      0.00000000      0.00000004      0.00001896
     34.45000051      0.00000000      0.00000000      0.00000004      0.00001812
     34.50000051      0.00000000      0.00000000      0.00000004      0.00001732
     34.55000051      0.00000000      0.00000000      0.00000004      0.00001655
     34.60000052      0.00000000      0.00000000      0.00000003      0.00001581
     34.65000052      0.00000000      0.00000000      0.00000003      0.00001511
     34.70000052      0.00000000      0.00000000      0.00000003      0.00001443
     34.75000052      0.00000000      0.00000000      0.00000003      0.00001379
     34.80000052      0.00000000      0.00000000      0.00000003      0.00001317
     34.85000052      0.00000000      0.00000000      0.00000003      0.00001258
     34.90000052      0.00000000      0.00000000      0.00000002      0.00001201
     34.95000052      0.00000000      0.00000000      0.00000002      0.00001147
     35.00000052      0.00000000      0.00000000      0.00000002      0.00001095
     35.05000052      0.00000000      0.00000000      0.00000002      0.00001045
     35.10000052      0.00000000      0.00000000      0.00000002      0.00000998
     35.15000052      0.00000000      0.00000000      0.00000002      0.00000952
     35.20000052      0.00000000      0.00000000      0.00000002      0.00000909
     35.25000053      0.00000000      0.00000000      0.00000002      0.00000868
     35.30000053      0.00000000      0.00000000      0.00000002      0.00000828
     35.35000053      0.00000000      0.00000000      0.00000002      0.00000790
     35.40000053      0.00000000      0.00000000      0.00000001      0.00000754
     35.45000053      0.00000000      0.00000000      0.00000001      0.00000719
     35.50000053      0.00000000      0.00000000      0.00000001      0.00000686
     35.55000053      0.00000000      0.00000000      0.00000001      0.00000654
     35.60000053      0.00000000      0.00000000      0.00000001      0.00000624
     35.65000053      0.00000000      0.00000000      0.00000001      0.00000595
     35.70000053      0.00000000      0.00000000      0.00000001      0.00000567
     35.75000053      0.00000000      0.00000000      0.00000001      0.00000541
     35.80000053      0.00000000      0.00000000      0.00000001      0.00000516
     35.85000053      0.00000000      0.00000000      0.00000001      0.00000492
     35.90000053      0.00000000      0.00000000      0.00000001      0.00000469
     35.95000054      0.00000000      0.00000000      0.00000001      0.00000447
     36.00000054      0.00000000      0.00000000      0.00000001      0.00000426
     36.05000054      0.00000000      0.00000000      0.00000001      0.00000406
     36.10000054      0.00000000      0.00000000      0.00000001      0.00000386
     36.15000054      0.00000000      0.00000000      0.00000001      0.00000368
     36.20000054      0.00000000      0.00000000      0.00000001      0.00000351
     36.25000054      0.00000000      0.00000000      0.00000001      0.00000334
     36.30000054      0.00000000      0.00000000      0.00000001      0.00000318
     36.35000054      0.00000000      0.00000000      0.00000000      0.00000303
     36.40000054      0.00000000      0.00000000      0.00000000      0.00000289
     36.45000054      0.00000000      0.00000000      0.00000000      0.00000275
     36.50000054      0.00000000      0.00000000      0.00000000      0.00000262
     36.55000054      0.00000000      0.00000000      0.00000000      0.00000249
     36.60000055      0.00000000      0.00000000      0.00000000      0.00000237
     36.65000055      0.00000000      0.00000000      0.00000000      0.00000226
     36.70000055      0.00000000      0.00000000      0.00000000      0.00000215
     36.75000055      0.00000000      0.00000000      0.00000000      0.00000205
     36.80000055      0.00000000      0.00000000      0.00000000      0.00000195
     36.85000055      0.00000000      0.00000000      0.00000000      0.00000185
     36.90000055      0.00000000      0.00000000      0.00000000      0.00000176
     36.95000055      0.00000000      0.00000000      0.00000000      0.00000168
     37.00000055      0.00000000      0.00000000      0.00000000      0.00000159
     37.05000055      0.00000000      0.00000000      0.00000000      0.00000152
     37.10000055      0.00000000      0.00000000      0.00000000      0.00000144
     37.15000055      0.00000000      0.00000000      0.00000000      0.00000137
     37.20000055      0.00000000      0.00000000      0.00000000      0.00000130
     37.25000056      0.00000000      0.00000000      0.00000000      0.00000124
     37.30000056      0.00000000      0.00000000      0.00000000      0.00000118
     37.35000056      0.00000000      0.00000000      0.00000000      0.00000112
     37.40000056      0.00000000      0.00000000      0.00000000      0.00000107
     37.45000056      0.00000000      0.00000000      0.00000000      0.00000101
     37.50000056      0.00000000      0.00000000      0.00000000      0.00000096
     37.55000056      0.00000000      0.00000000      0.00000000      0.00000091
     37.60000056      0.00000000      0.00000000      0.00000000      0.00000087
     37.65000056      0.00000000      0.00000000      0.00000000      0.00000083
     37.70000056      0.00000000      0.00000000      0.00000000      0.00000078
     37.75000056      0.00000000      0.00000000      0.00000000      0.00000075
     37.80000056      0.00000000      0.00000000      0.00000000      0.00000071
     37.85000056      0.00000000      0.00000000      0.00000000      0.00000067
     37.90000056      0.00000000      0.00000000      0.00000000      0.00000064
     37.95000057      0.00000000      0.00000000      0.00000000      0.00000061
     38.00000057      0.00000000      0.00000000      0.00000000      0.00000058
     38.05000057      0.00000000      0.00000000      0.00000000      0.00000055
     38.10000057      0.00000000      0.00000000      0.00000000      0.00000052
     38.15000057      0.00000000      0.00000000      0.00000000      0.00000049
     38.20000057      0.00000000      0.00000000      0.00000000      0.00000047
     38.25000057      0.00000000      0.00000000      0.00000000      0.00000044
     38.30000057      0.00000000      0.00000000      0.00000000      0.00000042
     38.35000057      0.00000000      0.00000000      0.00000000      0.00000040
     38.40000057      0.00000000      0.00000000      0.00000000      0.00000038
     38.45000057      0.00000000      0.00000000      0.00000000      0.00000036
     38.50000057      0.00000000      0.00000000      0.00000000      0.00000034
     38.55000057      0.00000000      0.00000000      0.00000000      0.00000032
     38.60000058      0.00000000      0.00000000      0.00000000      0.00000031
     38.65000058      0.00000000      0.00000000      0.00000000      0.00000029
     38.70000058      0.00000000      0.00000000      0.00000000      0.00000028
     38.75000058      0.00000000      0.00000000      0.00000000      0.00000026
     38.80000058      0.00000000      0.00000000      0.00000000      0.00000025
     38.85000058      0.00000000      0.00000000      0.00000000      0.00000024
     38.90000058      0.00000000      0.00000000      0.00000000      0.00000022
     38.95000058      0.00000000      0.00000000      0.00000000      0.00000021
     39.00000058      0.00000000      0.00000000      0.00000000      0.00000020
     39.05000058      0.00000000      0.00000000      0.00000000      0.00000019
     39.10000058      0.00000000      0.00000000      0.00000000      0.00000018
     39.15000058      0.00000000      0.00000000      0.00000000      0.00000017
     39.20000058      0.00000000      0.00000000      0.00000000      0.00000016
     39.25000058      0.00000000      0.00000000      0.00000000      0.00000015
     39.30000059      0.00000000      0.00000000      0.00000000      0.00000015
     39.35000059      0.00000000      0.00000000      0.00000000      0.00000014
     39.40000059      0.00000000      0.00000000      0.00000000      0.00000013
     39.45000059      0.00000000      0.00000000      0.00000000      0.00000012
     39.50000059      0.00000000      0.00000000      0.00000000      0.00000012
     39.55000059      0.00000000      0.00000000      0.00000000      0.00000011
     39.60000059      0.00000000      0.00000000      0.00000000      0.00000010
     39.65000059      0.00000000      0.00000000      0.00000000      0.00000010
     39.70000059      0.00000000      0.00000000      0.00000000      0.00000009
     39.75000059      0.00000000      0.00000000      0.00000000      0.00000009
     39.80000059      0.00000000      0.00000000      0.00000000      0.00000008
     39.85000059      0.00000000      0.00000000      0.00000000      0.00000008
     39.90000059      0.00000000      0.00000000      0.00000000      0.00000008
     39.95000060      0.00000000      0.00000000      0.00000000      0.00000007
     40.00000060      0.00000000      0.00000000      0.00000000      0.00000007
     40.05000060      0.00000000      0.00000000      0.00000000      0.00000006
     40.10000060      0.00000000      0.00000000      0.00000000      0.00000006
     40.15000060      0.00000000      0.00000000      0.00000000      0.00000006
     40.20000060      0.00000000      0.00000000      0.00000000      0.00000005
     40.25000060      0.00000000      0.00000000      0.00000000      0.00000005
     40.30000060      0.00000000      0.00000000      0.00000000      0.00000005
     40.35000060      0.00000000      0.00000000      0.00000000      0.00000005
     40.40000060      0.00000000      0.00000000      0.00000000      0.00000004
     40.45000060      0.00000000      0.00000000      0.00000000      0.00000004
     40.50000060      0.00000000      0.00000000      0.00000000      0.00000004
     40.55000060      0.00000000      0.00000000      0.00000000      0.00000004
     40.60000060      0.00000000      0.00000000      0.00000000      0.00000003
     40.65000061      0.00000000      0.00000000      0.00000000      0.00000003
     40.70000061      0.00000000      0.00000000      0.00000000      0.00000003
     40.75000061      0.00000000      0.00000000      0.00000000      0.00000003
     40.80000061      0.00000000      0.00000000      0.00000000      0.00000003
     40.85000061      0.00000000      0.00000000      0.00000000      0.00000003
     40.90000061      0.00000000      0.00000000      0.00000000      0.00000002
     40.95000061      0.00000000      0.00000000      0.00000000      0.00000002
     41.00000061      0.00000000      0.00000000      0.00000000      0.00000002
     41.05000061      0.00000000      0.00000000      0.00000000      0.00000002
     41.10000061      0.00000000      0.00000000      0.00000000      0.00000002
     41.15000061      0.00000000      0.00000000      0.00000000      0.00000002
     41.20000061      0.00000000      0.00000000      0.00000000      0.00000002
     41.25000061      0.00000000      0.00000000      0.00000000      0.00000002
     41.30000062      0.00000000      0.00000000      0.00000000      0.00000002
     41.35000062      0.00000000      0.00000000      0.00000000      0.00000001
     41.40000062      0.00000000      0.00000000      0.00000000      0.00000001
     41.45000062      0.00000000      0.00000000      0.00000000      0.00000001
     41.50000062      0.00000000      0.00000000      0.00000000      0.00000001
     41.55000062      0.00000000      0.00000000      0.00000000      0.00000001
     41.60000062      0.00000000      0.00000000      0.00000000      0.00000001
     41.65000062      0.00000000      0.00000000      0.00000000      0.00000001
     41.70000062      0.00000000      0.00000000      0.00000000      0.00000001
     41.75000062      0.00000000      0.00000000      0.00000000      0.00000001
     41.80000062      0.00000000      0.00000000      0.00000000      0.00000001
     41.85000062      0.00000000      0.00000000      0.00000000      0.00000001
     41.90000062      0.00000000      0.00000000      0.00000000      0.00000001
     41.95000063      0.00000000      0.00000000      0.00000000      0.00000001
     42.00000063      0.00000000      0.00000000      0.00000000      0.00000001
     42.05000063      0.00000000      0.00000000      0.00000000      0.00000001
     42.10000063      0.00000000      0.00000000      0.00000000      0.00000001
     42.15000063      0.00000000      0.00000000      0.00000000      0.00000001
     42.20000063      0.00000000      0.00000000      0.00000000      0.00000001
     42.25000063      0.00000000      0.00000000      0.00000000      0.00000001
     42.30000063      0.00000000      0.00000000      0.00000000      0.00000000
     42.35000063      0.00000000      0.00000000      0.00000000      0.00000000
     42.40000063      0.00000000      0.00000000      0.00000000      0.00000000
     42.45000063      0.00000000      0.00000000      0.00000000      0.00000000
     42.50000063      0.00000000      0.00000000      0.00000000      0.00000000
     42.55000063      0.00000000      0.00000000      0.00000000      0.00000000
     42.60000063      0.00000000      0.00000000      0.00000000      0.00000000
     42.65000064      0.00000000      0.00000000      0.00000000      0.00000000
     42.70000064      0.00000000      0.00000000      0.00000000      0.00000000
     42.75000064      0.00000000      0.00000000      0.00000000      0.00000000
     42.80000064      0.00000000      0.00000000      0.00000000      0.00000000
     42.85000064      0.00000000      0.00000000      0.00000000      0.00000000
     42.90000064      0.00000000      0.00000000      0.00000000      0.00000000
     42.95000064      0.00000000      0.00000000      0.00000000      0.00000000
     43.00000064      0.00000000      0.00000000      0.00000000      0.00000000
     43.05000064      0.00000000      0.00000000      0.00000000      0.00000000
     43.10000064      0.00000000      0.00000000      0.00000000      0.00000000
     43.15000064      0.00000000      0.00000000      0.00000000      0.00000000
     43.20000064      0.00000000      0.00000000      0.00000000      0.00000000
     43.25000064      0.00000000      0.00000000      0.00000000      0.00000000
     43.30000065      0.00000000      0.00000000      0.00000000      0.00000000
     43.35000065      0.00000000      0.00000000      0.00000000      0.00000000
     43.40000065      0.00000000      0.00000000      0.00000000      0.00000000
     43.45000065      0.00000000      0.00000000      0.00000000      0.00000000
     43.50000065      0.00000000      0.00000000      0.00000000      0.00000000
     43.55000065      0.00000000      0.00000000      0.00000000      0.00000000
     43.60000065      0.00000000      0.00000000      0.00000000      0.00000000
     43.65000065      0.00000000      0.00000000      0.00000000      0.00000000
     43.70000065      0.00000000      0.00000000      0.00000000      0.00000000
     43.75000065      0.00000000      0.00000000      0.00000000      0.00000000
     43.80000065      0.00000000      0.00000000      0.00000000      0.00000000
     43.85000065      0.00000000      0.00000000      0.00000000      0.00000000
     43.90000065      0.00000000      0.00000000      0.00000000      0.00000000
     43.95000065      0.00000000      0.00000000      0.00000000      0.00000000
     44.00000066      0.00000000      0.00000000      0.00000000      0.00000000
     44.05000066      0.00000000      0.00000000      0.00000000      0.00000000
     44.10000066      0.00000000      0.00000000      0.00000000      0.00000000
     44.15000066      0.00000000      0.00000000      0.00000000      0.00000000
     44.20000066      0.00000000      0.00000000      0.00000000      0.00000000
     44.25000066      0.00000000      0.00000000      0.00000000      0.00000000
     44.30000066      0.00000000      0.00000000      0.00000000      0.00000000
     44.35000066      0.00000000      0.00000000      0.00000000      0.00000000
     44.40000066      0.00000000      0.00000000      0.00000000      0.00000000
     44.45000066      0.00000000      0.00000000      0.00000000      0.00000000
     44.50000066      0.00000000      0.00000000      0.00000000      0.00000000
     44.55000066      0.00000000      0.00000000      0.00000000      0.00000000
     44.60000066      0.00000000      0.00000000      0.00000000      0.00000000
     44.65000067      0.00000000      0.00000000      0.00000000      0.00000000
     44.70000067      0.00000000      0.00000000      0.00000000      0.00000000
     44.75000067      0.00000000      0.00000000      0.00000000      0.00000000
     44.80000067      0.00000000      0.00000000      0.00000000      0.00000000
     44.85000067      0.00000000      0.00000000      0.00000000      0.00000000
     44.90000067      0.00000000      0.00000000      0.00000000      0.00000000
     44.95000067      0.00000000      0.00000000      0.00000000      0.00000000
     45.00000067      0.00000000      0.00000000      0.00000000      0.00000000
     45.05000067      0.00000000      0.00000000      0.00000000      0.00000000
     45.10000067      0.00000000      0.00000000      0.00000000      0.00000000
     45.15000067      0.00000000      0.00000000      0.00000000      0.00000000
     45.20000067      0.00000000      0.00000000      0.00000000      0.00000000
     45.25000067      0.00000000      0.00000000      0.00000000      0.00000000
     45.30000068      0.00000000      0.00000000      0.00000000      0.00000000
     45.35000068      0.00000000      0.00000000      0.00000000      0.00000000
     45.40000068      0.00000000      0.00000000      0.00000000      0.00000000
     45.45000068      0.00000000      0.00000000      0.00000000      0.00000000
     45.50000068      0.00000000      0.00000000      0.00000000      0.00000000
     45.55000068      0.00000000      0.00000000      0.00000000      0.00000000
     45.60000068      0.00000000      0.00000000      0.00000000      0.00000000
     45.65000068      0.00000000      0.00000000      0.00000000      0.00000000
     45.70000068      0.00000000      0.00000000      0.00000000      0.00000000
     45.75000068      0.00000000      0.00000000      0.00000000      0.00000000
     45.80000068      0.00000000      0.00000000      0.00000000      0.00000000
     45.85000068      0.00000000      0.00000000      0.00000000      0.00000000
     45.90000068      0.00000000      0.00000000      0.00000000      0.00000000
     45.95000068      0.00000000      0.00000000      0.00000000      0.00000000
     46.00000069      0.00000000      0.00000000      0.00000000      0.00000000
     46.05000069      0.00000000      0.00000000      0.00000000      0.00000000
     46.10000069      0.00000000      0.00000000      0.00000000      0.00000000
     46.15000069      0.00000000      0.00000000      0.00000000      0.00000000
     46.20000069      0.00000000      0.00000000      0.00000000      0.00000000
     46.25000069      0.00000000      0.00000000      0.00000000      0.00000000
     46.30000069      0.00000000      0.00000000      0.00000000      0.00000000
     46.35000069      0.00000000      0.00000000      0.00000000      0.00000000
     46.40000069      0.00000000      0.00000000      0.00000000      0.00000000
     46.45000069      0.00000000      0.00000000      0.00000000      0.00000000
     46.50000069      0.00000000      0.00000000      0.00000000      0.00000000
     46.55000069      0.00000000      0.00000000      0.00000000      0.00000000
     46.60000069      0.00000000      0.00000000      0.00000000      0.00000000
     46.65000070      0.00000000      0.00000000      0.00000000      0.00000000
     46.70000070      0.00000000      0.00000000      0.00000000      0.00000000
     46.75000070      0.00000000      0.00000000      0.00000000      0.00000000
     46.80000070      0.00000000      0.00000000      0.00000000      0.00000000
     46.85000070      0.00000000      0.00000000      0.00000000      0.00000000
     46.90000070      0.00000000      0.00000000      0.00000000      0.00000000
     46.95000070      0.00000000      0.00000000      0.00000000      0.00000000
     47.00000070      0.00000000      0.00000000      0.00000000      0.00000000
     47.05000070      0.00000000      0.00000000      0.00000000      0.00000000
     47.10000070      0.00000000      0.00000000      0.00000000      0.00000000
     47.15000070      0.00000000      0.00000000      0.00000000      0.00000000
     47.20000070      0.00000000      0.00000000      0.00000000      0.00000000
     47.25000070      0.00000000      0.00000000      0.00000000      0.00000000
     47.30000070      0.00000000      0.00000000      0.00000000      0.00000000
     47.35000071      0.00000000      0.00000000      0.00000000      0.00000000
     47.40000071      0.00000000      0.00000000      0.00000000      0.00000000
     47.45000071      0.00000000      0.00000000      0.00000000      0.00000000
     47.50000071      0.00000000      0.00000000      0.00000000      0.00000000
     47.55000071      0.00000000      0.00000000      0.00000000      0.00000000
     47.60000071      0.00000000      0.00000000      0.00000000      0.00000000
     47.65000071      0.00000000      0.00000000      0.00000000      0.00000000
     47.70000071      0.00000000      0.00000000      0.00000000      0.00000000
     47.75000071      0.00000000      0.00000000      0.00000000      0.00000000
     47.80000071      0.00000000      0.00000000      0.00000000      0.00000000
     47.85000071      0.00000000      0.00000000      0.00000000      0.00000000
     47.90000071      0.00000000      0.00000000      0.00000000      0.00000000
     47.95000071      0.00000000      0.00000000      0.00000000      0.00000000
     48.00000072      0.00000000      0.00000000      0.00000000      0.00000000
     48.05000072      0.00000000      0.00000000      0.00000000      0.00000000
     48.10000072      0.00000000      0.00000000      0.00000000      0.00000000
     48.15000072      0.00000000      0.00000000      0.00000000      0.00000000
     48.20000072      0.00000000      0.00000000      0.00000000      0.00000000
     48.25000072      0.00000000      0.00000000      0.00000000      0.00000000
     48.30000072      0.00000000      0.00000000      0.00000000      0.00000000
     48.35000072      0.00000000      0.00000000      0.00000000      0.00000000
     48.40000072      0.00000000      0.00000000      0.00000000      0.00000000
     48.45000072      0.00000000      0.00000000      0.00000000      0.00000000
     48.50000072      0.00000000      0.00000000      0.00000000      0.00000000
     48.55000072      0.00000000      0.00000000      0.00000000      0.00000000
     48.60000072      0.00000000      0.00000000      0.00000000      0.00000000
     48.65000072      0.00000000      0.00000000      0.00000000      0.00000000
     48.70000073      0.00000000      0.00000000      0.00000000      0.00000000
     48.75000073      0.00000000      0.00000000      0.00000000      0.00000000
     48.80000073      0.00000000      0.00000000      0.00000000      0.00000000
     48.85000073      0.00000000      0.00000000      0.00000000      0.00000000
     48.90000073      0.00000000      0.00000000      0.00000000      0.00000000
     48.95000073      0.00000000      0.00000000      0.00000000      0.00000000
     49.00000073      0.00000000      0.00000000      0.00000000      0.00000000
     49.05000073      0.00000000      0.00000000      0.00000000      0.00000000
     49.10000073      0.00000000      0.00000000      0.00000000      0.00000000
     49.15000073      0.00000000      0.00000000      0.00000000      0.00000000
     49.20000073      0.00000000      0.00000000      0.00000000      0.00000000
     49.25000073      0.00000000      0.00000000      0.00000000      0.00000000
     49.30000073      0.00000000      0.00000000      0.00000000      0.00000000
     49.35000074      0.00000000      0.00000000      0.00000000      0.00000000
     49.40000074      0.00000000      0.00000000      0.00000000      0.00000000
     49.45000074      0.00000000      0.00000000      0.00000000      0.00000000
     49.50000074      0.00000000      0.00000000      0.00000000      0.00000000
     49.55000074      0.00000000      0.00000000      0.00000000      0.00000000
     49.60000074      0.00000000      0.00000000      0.00000000      0.00000000
     49.65000074      0.00000000      0.00000000      0.00000000      0.00000000
     49.70000074      0.00000000      0.00000000      0.00000000      0.00000000
     49.75000074      0.00000000      0.00000000      0.00000000      0.00000000
     49.80000074      0.00000000      0.00000000      0.00000000      0.00000000
     49.85000074      0.00000000      0.00000000      0.00000000      0.00000000
     49.90000074      0.00000000      0.00000000      0.00000000      0.00000000
     49.95000074      0.00000000      0.00000000      0.00000000      0.00000000
     50.00000075      0.00000000      0.00000000      0.00000000      0.00000000
     50.05000075      0.00000000      0.00000000      0.00000000      0.00000000
     50.10000075      0.00000000      0.00000000      0.00000000      0.00000000
     50.15000075      0.00000000      0.00000000      0.00000000      0.00000000
     50.20000075      0.00000000      0.00000000      0.00000000      0.00000000
     50.25000075      0.00000000      0.00000000      0.00000000      0.00000000
     50.30000075      0.00000000      0.00000000      0.00000000      0.00000000
     50.35000075      0.00000000      0.00000000      0.00000000      0.00000000
     50.40000075      0.00000000      0.00000000      0.00000000      0.00000000
     50.45000075      0.00000000      0.00000000      0.00000000      0.00000000
     50.50000075      0.00000000      0.00000000      0.00000000      0.00000000
     50.55000075      0.00000000      0.00000000      0.00000000      0.00000000
     50.60000075      0.00000000      0.00000000      0.00000000      0.00000000
     50.65000075      0.00000000      0.00000000      0.00000000      0.00000000
     50.70000076      0.00000000      0.00000000      0.00000000      0.00000000
     50.75000076      0.00000000      0.00000000      0.00000000      0.00000000
     50.80000076      0.00000000      0.00000000      0.00000000      0.00000000
     50.85000076      0.00000000      0.00000000      0.00000000      0.00000000
     50.90000076      0.00000000      0.00000000      0.00000000      0.00000000
     50.95000076      0.00000000      0.00000000      0.00000000      0.00000000
     51.00000076      0.00000000      0.00000000      0.00000000      0.00000000
     51.05000076      0.00000000      0.00000000      0.00000000      0.00000000
     51.10000076      0.00000000      0.00000000      0.00000000      0.00000000
     51.15000076      0.00000000      0.00000000      0.00000000      0.00000000
     51.20000076      0.00000000      0.00000000      0.00000000      0.00000000
     51.25000076      0.00000000      0.00000000      0.00000000      0.00000000
     51.30000076      0.00000000      0.00000000      0.00000000      0.00000000
     51.35000077      0.00000000      0.00000000      0.00000000      0.00000000
     51.40000077      0.00000000      0.00000000      0.00000000      0.00000000
     51.45000077      0.00000000      0.00000000      0.00000000      0.00000000
     51.50000077      0.00000000      0.00000000      0.00000000      0.00000000
     51.55000077      0.00000000      0.00000000      0.00000000      0.00000000
     51.60000077      0.00000000      0.00000000      0.00000000      0.00000000
     51.65000077      0.00000000      0.00000000      0.00000000      0.00000000
     51.70000077      0.00000000      0.00000000      0.00000000      0.00000000
     51.75000077      0.00000000      0.00000000      0.00000000      0.00000000
     51.80000077      0.00000000      0.00000000      0.00000000      0.00000000
     51.85000077      0.00000000      0.00000000      0.00000000      0.00000000
     51.90000077      0.00000000      0.00000000      0.00000000      0.00000000
     51.95000077      0.00000000      0.00000000      0.00000000      0.00000000
     52.00000077      0.00000000      0.00000000      0.00000000      0.00000000
     52.05000078      0.00000000      0.00000000      0.00000000      0.00000000
     52.10000078      0.00000000      0.00000000      0.00000000      0.00000000
     52.15000078      0.00000000      0.00000000      0.00000000      0.00000000
     52.20000078      0.00000000      0.00000000      0.00000000      0.00000000
     52.25000078      0.00000000      0.00000000      0.00000000      0.00000000
     52.30000078      0.00000000      0.00000000      0.00000000      0.00000000
     52.35000078      0.00000000      0.00000000      0.00000000      0.00000000
     52.40000078      0.00000000      0.00000000      0.00000000      0.00000000
     52.45000078      0.00000000      0.00000000      0.00000000      0.00000000
     52.50000078      0.00000000      0.00000000      0.00000000      0.00000000
     52.55000078      0.00000000      0.00000000      0.00000000      0.00000000
     52.60000078      0.00000000      0.00000000      0.00000000      0.00000000
     52.65000078      0.00000000      0.00000000      0.00000000      0.00000000
     52.70000079      0.00000000      0.00000000      0.00000000      0.00000000
     52.75000079      0.00000000      0.00000000      0.00000000      0.00000000
     52.80000079      0.00000000      0.00000000      0.00000000      0.00000000
     52.85000079      0.00000000      0.00000000      0.00000000      0.00000000
     52.90000079      0.00000000      0.00000000      0.00000000      0.00000000
     52.95000079      0.00000000      0.00000000      0.00000000      0.00000000
     53.00000079      0.00000000      0.00000000      0.00000000      0.00000000
     53.05000079      0.00000000      0.00000000      0.00000000      0.00000000
     53.10000079      0.00000000      0.00000000      0.00000000      0.00000000
     53.15000079      0.00000000      0.00000000      0.00000000      0.00000000
     53.20000079      0.00000000      0.00000000      0.00000000      0.00000000
     53.25000079      0.00000000      0.00000000      0.00000000      0.00000000
     53.30000079      0.00000000      0.00000000      0.00000000      0.00000000
     53.35000079      0.00000000      0.00000000      0.00000000      0.00000000
     53.40000080      0.00000000      0.00000000      0.00000000      0.00000000
     53.45000080      0.00000000      0.00000000      0.00000000      0.00000000
     53.50000080      0.00000000      0.00000000      0.00000000      0.00000000
     53.55000080      0.00000000      0.00000000      0.00000000      0.00000000
     53.60000080      0.00000000      0.00000000      0.00000000      0.00000000
     53.65000080      0.00000000      0.00000000      0.00000000      0.00000000
     53.70000080      0.00000000      0.00000000      0.00000000      0.00000000
     53.75000080      0.00000000      0.00000000      0.00000000      0.00000000
     53.80000080      0.00000000      0.00000000      0.00000000      0.00000000
     53.85000080      0.00000000      0.00000000      0.00000000      0.00000000
     53.90000080      0.00000000      0.00000000      0.00000000      0.00000000
     53.95000080      0.00000000      0.00000000      0.00000000      0.00000000
     54.00000080      0.00000000      0.00000000      0.00000000      0.00000000
     54.05000081      0.00000000      0.00000000      0.00000000      0.00000000
     54.10000081      0.00000000      0.00000000      0.00000000      0.00000000
     54.15000081      0.00000000      0.00000000      0.00000000      0.00000000
     54.20000081      0.00000000      0.00000000      0.00000000      0.00000000
     54.25000081      0.00000000      0.00000000      0.00000000      0.00000000
     54.30000081      0.00000000      0.00000000      0.00000000      0.00000000
     54.35000081      0.00000000      0.00000000      0.00000000      0.00000000
     54.40000081      0.00000000      0.00000000      0.00000000      0.00000000
     54.45000081      0.00000000      0.00000000      0.00000000      0.00000000
     54.50000081      0.00000000      0.00000000      0.00000000      0.00000000
     54.55000081      0.00000000      0.00000000      0.00000000      0.00000000
     54.60000081      0.00000000      0.00000000      0.00000000      0.00000000
     54.65000081      0.00000000      0.00000000      0.00000000      0.00000000
     54.70000082      0.00000000      0.00000000      0.00000000      0.00000000
     54.75000082      0.00000000      0.00000000      0.00000000      0.00000000
     54.80000082      0.00000000      0.00000000      0.00000000      0.00000000
     54.85000082      0.00000000      0.00000000      0.00000000      0.00000000
     54.90000082      0.00000000      0.00000000      0.00000000      0.00000000
     54.95000082      0.00000000      0.00000000      0.00000000      0.00000000
     55.00000082      0.00000000      0.00000000      0.00000000      0.00000000
     55.05000082      0.00000000      0.00000000      0.00000000      0.00000000
     55.10000082      0.00000000      0.00000000      0.00000000      0.00000000
     55.15000082      0.00000000      0.00000000      0.00000000      0.00000000
     55.20000082      0.00000000      0.00000000      0.00000000      0.00000000
     55.25000082      0.00000000      0.00000000      0.00000000      0.00000000
     55.30000082      0.00000000      0.00000000      0.00000000      0.00000000
     55.35000082      0.00000000      0.00000000      0.00000000      0.00000000
     55.40000083      0.00000000      0.00000000      0.00000000      0.00000000
     55.45000083      0.00000000      0.00000000      0.00000000      0.00000000
     55.50000083      0.00000000      0.00000000      0.00000000      0.00000000
     55.55000083      0.00000000      0.00000000      0.00000000      0.00000000
     55.60000083      0.00000000      0.00000000      0.00000000      0.00000000
     55.65000083      0.00000000      0.00000000      0.00000000      0.00000000
     55.70000083      0.00000000      0.00000000      0.00000000      0.00000000
     55.75000083      0.00000000      0.00000000      0.00000000      0.00000000
     55.80000083      0.00000000      0.00000000      0.00000000      0.00000000
     55.85000083      0.00000000      0.00000000      0.00000000      0.00000000
     55.90000083      0.00000000      0.00000000      0.00000000      0.00000000
     55.95000083      0.00000000      0.00000000      0.00000000      0.00000000
     56.00000083      0.00000000      0.00000000      0.00000000      0.00000000
     56.05000084      0.00000000      0.00000000      0.00000000      0.00000000
     56.10000084      0.00000000      0.00000000      0.00000000      0.00000000
     56.15000084      0.00000000      0.00000000      0.00000000      0.00000000
     56.20000084      0.00000000      0.00000000      0.00000000      0.00000000
     56.25000084      0.00000000      0.00000000      0.00000000      0.00000000
     56.30000084      0.00000000      0.00000000      0.00000000      0.00000000
     56.35000084      0.00000000      0.00000000      0.00000000      0.00000000
     56.40000084      0.00000000      0.00000000      0.00000000      0.00000000
     56.45000084      0.00000000      0.00000000      0.00000000      0.00000000
     56.50000084      0.00000000      0.00000000      0.00000000      0.00000000
     56.55000084      0.00000000      0.00000000      0.00000000      0.00000000
     56.60000084      0.00000000      0.00000000      0.00000000      0.00000000
     56.65000084      0.00000000      0.00000000      0.00000000      0.00000000
     56.70000084      0.00000000      0.00000000      0.00000000      0.00000000
     56.75000085      0.00000000      0.00000000      0.00000000      0.00000000
     56.80000085      0.00000000      0.00000000      0.00000000      0.00000000
     56.85000085      0.00000000      0.00000000      0.00000000      0.00000000
     56.90000085      0.00000000      0.00000000      0.00000000      0.00000000
     56.95000085      0.00000000      0.00000000      0.00000000      0.00000000
     57.00000085      0.00000000      0.00000000      0.00000000      0.00000000
     57.05000085      0.00000000      0.00000000      0.00000000      0.00000000
     57.10000085      0.00000000      0.00000000      0.00000000      0.00000000
     57.15000085      0.00000000      0.00000000      0.00000000      0.00000000
     57.20000085      0.00000000      0.00000000      0.00000000      0.00000000
     57.25000085      0.00000000      0.00000000      0.00000000      0.00000000
     57.30000085      0.00000000      0.00000000      0.00000000      0.00000000
     57.35000085      0.00000000      0.00000000      0.00000000      0.00000000
     57.40000086      0.00000000      0.00000000      0.00000000      0.00000000
     57.45000086      0.00000000      0.00000000      0.00000000      0.00000000
     57.50000086      0.00000000      0.00000000      0.00000000      0.00000000
     57.55000086      0.00000000      0.00000000      0.00000000      0.00000000
     57.60000086      0.00000000      0.00000000      0.00000000      0.00000000
     57.65000086      0.00000000      0.00000000      0.00000000      0.00000000
     57.70000086      0.00000000      0.00000000      0.00000000      0.00000000
     57.75000086      0.00000000      0.00000000      0.00000000      0.00000000
     57.80000086      0.00000000      0.00000000      0.00000000      0.00000000
     57.85000086      0.00000000      0.00000000      0.00000000      0.00000000
     57.90000086      0.00000000      0.00000000      0.00000000      0.00000000
     57.95000086      0.00000000      0.00000000      0.00000000      0.00000000
     58.00000086      0.00000000      0.00000000      0.00000000      0.00000000
     58.05000087      0.00000000      0.00000000      0.00000000      0.00000000
     58.10000087      0.00000000      0.00000000      0.00000000      0.00000000
     58.15000087      0.00000000      0.00000000      0.00000000      0.00000000
     58.20000087      0.00000000      0.00000000      0.00000000      0.00000000
     58.25000087      0.00000000      0.00000000      0.00000000      0.00000000
     58.30000087      0.00000000      0.00000000      0.00000000      0.00000000
     58.35000087      0.00000000      0.00000000      0.00000000      0.00000000
     58.40000087      0.00000000      0.00000000      0.00000000      0.00000000
     58.45000087      0.00000000      0.00000000      0.00000000      0.00000000
     58.50000087      0.00000000      0.00000000      0.00000000      0.00000000
     58.55000087      0.00000000      0.00000000      0.00000000      0.00000000
     58.60000087      0.00000000      0.00000000      0.00000000      0.00000000
     58.65000087      0.00000000      0.00000000      0.00000000      0.00000000
     58.70000087      0.00000000      0.00000000      0.00000000      0.00000000
     58.75000088      0.00000000      0.00000000      0.00000000      0.00000000
     58.80000088      0.00000000      0.00000000      0.00000000      0.00000000
     58.85000088      0.00000000      0.00000000      0.00000000      0.00000000
     58.90000088      0.00000000      0.00000000      0.00000000      0.00000000
     58.95000088      0.00000000      0.00000000      0.00000000      0.00000000
     59.00000088      0.00000000      0.00000000      0.00000000      0.00000000
     59.05000088      0.00000000      0.00000000      0.00000000      0.00000000
     59.10000088      0.00000000      0.00000000      0.00000000      0.00000000
     59.15000088      0.00000000      0.00000000      0.00000000      0.00000000
     59.20000088      0.00000000      0.00000000      0.00000000      0.00000000
     59.25000088      0.00000000      0.00000000      0.00000000      0.00000000
     59.30000088      0.00000000      0.00000000      0.00000000      0.00000000
     59.35000088      0.00000000      0.00000000      0.00000000      0.00000000
     59.40000089      0.00000000      0.00000000      0.00000000      0.00000000
     59.45000089      0.00000000      0.00000000      0.00000000      0.00000000
     59.50000089      0.00000000      0.00000000      0.00000000      0.00000000
     59.55000089      0.00000000      0.00000000      0.00000000      0.00000000
     59.60000089      0.00000000      0.00000000      0.00000000      0.00000000
     59.65000089      0.00000000      0.00000000      0.00000000      0.00000000
     59.70000089      0.00000000      0.00000000      0.00000000      0.00000000
     59.75000089      0.00000000      0.00000000      0.00000000      0.00000000
     59.80000089      0.00000000      0.00000000      0.00000000      0.00000000
     59.85000089      0.00000000      0.00000000      0.00000000      0.00000000
     59.90000089      0.00000000      0.00000000      0.00000000      0.00000000
     59.95000089      0.00000000      0.00000000      0.00000000      0.00000000
